30.0,30.0
-1.0,0.0
-2.0,-2.0
-1.0,0.0
-2.0,-1.0
-1.0,0.0
3.0,0.0
4.0,-1.0
0.0,0.0
1.0,0.0
-1.0,1.0
-1.0,0.0
-1.0,-1.0
-1.0,-1.0
1.0,0.0
1.0,1.0
0.0,1.0
0.0,-1.0
1.0,0.0
0.0,-2.0
0.0,0.0
1.0,0.0
-2.0,1.0
-1.0,1.0
-2.0,0.0
-2.0,1.0
0.0,1.0
0.0,0.0
3.0,2.0
1.0,0.0
-3.0,0.0
-2.0,1.0
-2.0,0.0
-1.0,0.0
-1.0,1.0
-2.0,0.0
-2.0,0.0
0.0,0.0
0.0,1.0
-1.0,1.0
1.0,1.0
-2.0,0.0
-1.0,-1.0
-2.0,0.0
-3.0,-1.0
0.0,0.0
-1.0,0.0
-2.0,1.0
-1.0,1.0
1.0,1.0
2.0,0.0
-2.0,-1.0
-2.0,0.0
-1.0,0.0
-1.0,0.0
1.0,0.0
0.0,1.0
2.0,1.0
0.0,0.0
1.0,-1.0
1.0,0.0
0.0,-1.0
1.0,-1.0
-1.0,-1.0
1.0,-1.0
0.0,1.0
-1.0,0.0
-2.0,0.0
0.0,1.0
0.0,1.0
-2.0,1.0
0.0,1.0
1.0,1.0
-1.0,1.0
-1.0,1.0
0.0,0.0
-20.0,3.0
0.0,0.0
-1.0,0.0
0.0,1.0
-1.0,1.0
0.0,1.0
1.0,0.0
0.0,-1.0
0.0,0.0
-2.0,-1.0
1.0,0.0
1.0,0.0
1.0,0.0
0.0,1.0
-1.0,-1.0
0.0,-1.0
0.0,-1.0
-2.0,1.0
1.0,2.0
0.0,0.0
0.0,0.0
-3.0,1.0
19.0,-3.0
-3.0,2.0
-3.0,-1.0
-2.0,0.0
0.0,-1.0
-1.0,1.0
-13.0,-1.0
-1.0,1.0
-3.0,0.0
-1.0,0.0
0.0,0.0
0.0,0.0
0.0,1.0
-1.0,0.0
1.0,0.0
0.0,0.0
-1.0,0.0
-2.0,-1.0
1.0,0.0
2.0,-1.0
0.0,0.0
-2.0,-1.0
2.0,0.0
-6.0,-1.0
-3.0,-1.0
-1.0,0.0
-1.0,-1.0
-2.0,0.0
0.0,0.0
3.0,-19.0
-2.0,-1.0
-1.0,0.0
-1.0,1.0
-1.0,0.0
-2.0,0.0
1.0,0.0
-2.0,0.0
-1.0,0.0
0.0,1.0
-7.0,1.0
-6.0,1.0
-7.0,0.0
0.0,0.0
-1.0,1.0
0.0,1.0
0.0,1.0
0.0,0.0
1.0,0.0
-1.0,-1.0
-1.0,0.0
0.0,0.0
1.0,1.0
0.0,-1.0
0.0,2.0
-1.0,0.0
1.0,-1.0
-3.0,0.0
-4.0,0.0
-1.0,0.0
0.0,0.0
-1.0,0.0
1.0,0.0
1.0,0.0
0.0,0.0
1.0,1.0
0.0,-1.0
1.0,0.0
0.0,0.0
0.0,0.0
0.0,0.0
-2.0,0.0
24.0,1.0
18.0,1.0
-2.0,1.0
-1.0,1.0
0.0,1.0
-4.0,1.0
0.0,0.0
0.0,0.0
-2.0,0.0
-2.0,1.0
0.0,1.0
-2.0,1.0
-2.0,0.0
-1.0,-1.0
2.0,1.0
2.0,0.0
0.0,1.0
1.0,1.0
0.0,0.0
0.0,0.0
-2.0,0.0
-1.0,1.0
1.0,1.0
-1.0,0.0
-1.0,0.0
0.0,-1.0
0.0,-1.0
-1.0,1.0
-2.0,0.0
0.0,1.0
1.0,1.0
1.0,0.0
1.0,1.0
0.0,1.0
1.0,0.0
2.0,1.0
-2.0,0.0
-3.0,1.0
-3.0,0.0
-5.0,1.0
-2.0,-1.0
-2.0,0.0
-3.0,0.0
-3.0,-1.0
-3.0,0.0
-3.0,-1.0
-2.0,1.0
0.0,0.0
-1.0,0.0
0.0,1.0
-1.0,0.0
-1.0,0.0
0.0,1.0
-1.0,0.0
-1.0,1.0
1.0,1.0
-1.0,1.0
0.0,0.0
0.0,1.0
-1.0,1.0
1.0,0.0
0.0,1.0
2.0,-1.0
3.0,0.0
2.0,0.0
0.0,0.0
0.0,0.0
1.0,1.0
0.0,2.0
1.0,0.0
-1.0,1.0
0.0,0.0
0.0,0.0
0.0,0.0
0.0,1.0
0.0,1.0
1.0,0.0
1.0,2.0
1.0,0.0
0.0,1.0
-1.0,0.0
0.0,0.0
3.0,1.0
-1.0,0.0
0.0,1.0
-1.0,-3.0
-1.0,1.0
-2.0,-1.0
-1.0,1.0
-6.0,0.0
1.0,1.0
-4.0,0.0
0.0,0.0
1.0,0.0
2.0,-1.0
0.0,0.0
-1.0,1.0
0.0,0.0
0.0,1.0
0.0,0.0
0.0,1.0
0.0,0.0
0.0,0.0
0.0,1.0
1.0,2.0
-1.0,0.0
-1.0,-1.0
0.0,0.0
-4.0,0.0
-6.0,0.0
-4.0,1.0
-4.0,0.0
-4.0,0.0
-3.0,0.0
0.0,0.0
0.0,0.0
0.0,0.0
-3.0,0.0
2.0,8.0
-1.0,11.0
-24.0,-26.0
2.0,3.0
-25.0,30.0
1.0,0.0
-3.0,0.0
2.0,1.0
-3.0,1.0
1.0,0.0
0.0,0.0
0.0,-1.0
1.0,0.0
1.0,0.0
0.0,0.0
-2.0,0.0
-1.0,0.0
1.0,-9.0
0.0,-1.0
0.0,1.0
-1.0,-1.0
-1.0,0.0
0.0,0.0
0.0,0.0
2.0,2.0
1.0,1.0
-3.0,0.0
-1.0,1.0
-2.0,1.0
-1.0,-1.0
-1.0,-1.0
1.0,-1.0
-2.0,-1.0
-1.0,-1.0
-4.0,0.0
-7.0,0.0
-2.0,0.0
-1.0,0.0
-2.0,0.0
1.0,0.0
-2.0,0.0
-6.0,0.0
-5.0,0.0
-6.0,0.0
-7.0,0.0
1.0,0.0
-1.0,1.0
0.0,1.0
0.0,-1.0
0.0,0.0
0.0,0.0
0.0,-2.0
0.0,-1.0
1.0,-1.0
-3.0,-1.0
0.0,0.0
-3.0,-1.0
-1.0,0.0
0.0,0.0
0.0,1.0
0.0,0.0
2.0,-2.0
0.0,-1.0
1.0,0.0
0.0,0.0
-3.0,0.0
1.0,0.0
1.0,0.0
1.0,0.0
0.0,0.0
-1.0,1.0
-2.0,-1.0
-1.0,-2.0
0.0,0.0
-2.0,-1.0
0.0,-1.0
-1.0,-10.0
-1.0,0.0
-1.0,0.0
0.0,1.0
1.0,0.0
-2.0,0.0
-1.0,0.0
-2.0,1.0
0.0,0.0
1.0,1.0
0.0,1.0
2.0,0.0
0.0,0.0
-1.0,-1.0
-1.0,-1.0
0.0,1.0
-1.0,0.0
2.0,1.0
0.0,0.0
-1.0,0.0
0.0,2.0
-1.0,1.0
-2.0,1.0
1.0,2.0
25.0,17.0
-1.0,1.0
-2.0,1.0
1.0,1.0
-1.0,2.0
0.0,1.0
-1.0,1.0
0.0,1.0
-1.0,-1.0
-1.0,1.0
-4.0,1.0
-2.0,0.0
-19.0,18.0
-3.0,1.0
-5.0,0.0
-4.0,0.0
-2.0,0.0
0.0,1.0
-2.0,0.0
-2.0,0.0
-2.0,0.0
-3.0,0.0
-1.0,0.0
-2.0,-2.0
-1.0,-1.0
-4.0,1.0
-2.0,-1.0
0.0,-1.0
-1.0,0.0
1.0,0.0
0.0,0.0
-1.0,1.0
-1.0,1.0
-3.0,1.0
0.0,1.0
1.0,0.0
0.0,1.0
0.0,0.0
1.0,1.0
0.0,1.0
-2.0,1.0
0.0,1.0
-2.0,1.0
-1.0,0.0
0.0,1.0
-2.0,-1.0
-2.0,0.0
0.0,0.0
-2.0,0.0
0.0,0.0
1.0,1.0
0.0,0.0
1.0,1.0
1.0,0.0
-1.0,1.0
-2.0,0.0
1.0,0.0
-2.0,1.0
-2.0,0.0
-2.0,0.0
-2.0,1.0
-3.0,0.0
0.0,1.0
-3.0,1.0
1.0,0.0
-1.0,0.0
0.0,0.0
0.0,0.0
-3.0,0.0
-1.0,0.0
1.0,-1.0
0.0,-1.0
1.0,1.0
1.0,0.0
1.0,0.0
0.0,1.0
0.0,1.0
1.0,1.0
1.0,0.0
1.0,0.0
1.0,1.0
0.0,0.0
1.0,1.0
1.0,1.0
-2.0,0.0
-2.0,0.0
-2.0,-1.0
-3.0,0.0
1.0,-1.0
0.0,0.0
0.0,0.0
0.0,0.0
-1.0,1.0
0.0,0.0
-1.0,0.0
0.0,0.0
-1.0,-1.0
0.0,0.0
1.0,0.0
0.0,-1.0
-2.0,0.0
1.0,0.0
0.0,1.0
-1.0,0.0
-2.0,1.0
-1.0,1.0
-2.0,1.0
0.0,0.0
-2.0,1.0
-1.0,-1.0
0.0,-1.0
0.0,-1.0
-2.0,0.0
-2.0,1.0
-1.0,1.0
-1.0,1.0
0.0,1.0
0.0,1.0
1.0,0.0
0.0,0.0
0.0,0.0
1.0,-1.0
2.0,0.0
0.0,1.0
-1.0,0.0
0.0,0.0
-3.0,1.0
-4.0,-1.0
-1.0,0.0
-1.0,0.0
2.0,0.0
1.0,-1.0
-2.0,0.0
1.0,1.0
0.0,1.0
-2.0,0.0
0.0,1.0
0.0,0.0
1.0,0.0
-1.0,0.0
-2.0,1.0
-1.0,1.0
-1.0,0.0
-1.0,0.0
2.0,0.0
-2.0,1.0
0.0,1.0
1.0,1.0
-1.0,1.0
-1.0,1.0
0.0,1.0
-1.0,1.0
-1.0,1.0
1.0,0.0
0.0,1.0
1.0,-1.0
0.0,1.0
0.0,1.0
0.0,0.0
0.0,0.0
-1.0,0.0
-1.0,-1.0
-1.0,1.0
-1.0,1.0
0.0,1.0
-4.0,0.0
-3.0,1.0
-2.0,0.0
-2.0,-1.0
-1.0,0.0
-4.0,1.0
-3.0,1.0
-4.0,0.0
-4.0,1.0
-1.0,0.0
-1.0,1.0
-1.0,-1.0
-1.0,-1.0
0.0,0.0
-4.0,-1.0
-1.0,0.0
0.0,0.0
-3.0,-1.0
0.0,2.0
0.0,2.0
-1.0,1.0
-1.0,1.0
0.0,0.0
0.0,2.0
0.0,1.0
4.0,2.0
0.0,0.0
5.0,1.0
-1.0,0.0
4.0,1.0
-1.0,1.0
-3.0,-1.0
2.0,0.0
1.0,1.0
-7.0,-4.0
-2.0,-18.0
-4.0,-19.0
-1.0,2.0
1.0,0.0
0.0,-1.0
0.0,0.0
0.0,0.0
-8.0,0.0
0.0,1.0
0.0,0.0
1.0,-1.0
0.0,0.0
-5.0,1.0
-3.0,1.0
-2.0,0.0
-2.0,0.0
-2.0,1.0
-1.0,-1.0
1.0,0.0
-3.0,0.0
1.0,0.0
2.0,1.0
1.0,0.0
0.0,0.0
0.0,0.0
-1.0,1.0
0.0,0.0
0.0,0.0
-2.0,0.0
-1.0,0.0
-3.0,0.0
-5.0,1.0
-1.0,-2.0
-1.0,-2.0
-9.0,0.0
0.0,-2.0
0.0,-1.0
1.0,1.0
-1.0,2.0
1.0,0.0
-10.0,-2.0
1.0,-1.0
0.0,-1.0
1.0,-1.0
0.0,-1.0
-1.0,-2.0
1.0,-2.0
-1.0,0.0
-2.0,0.0
0.0,0.0
-2.0,1.0
0.0,0.0
0.0,1.0
0.0,1.0
-4.0,1.0
-4.0,0.0
-3.0,0.0
1.0,0.0
-1.0,0.0
-1.0,-1.0
1.0,1.0
0.0,0.0
0.0,0.0
0.0,0.0
-1.0,-1.0
0.0,0.0
-2.0,-1.0
-1.0,0.0
-9.0,0.0
-2.0,-1.0
-9.0,0.0
-3.0,1.0
-2.0,1.0
-3.0,-1.0
1.0,0.0
0.0,-1.0
-1.0,4.0
-1.0,3.0
-1.0,0.0
-1.0,1.0
1.0,-1.0
0.0,1.0
1.0,0.0
0.0,0.0
0.0,0.0
-1.0,0.0
3.0,0.0
2.0,-1.0
2.0,0.0
-2.0,1.0
1.0,-1.0
1.0,0.0
0.0,0.0
-3.0,0.0
-2.0,1.0
-4.0,0.0
1.0,1.0
-4.0,0.0
-2.0,1.0
-1.0,1.0
1.0,1.0
0.0,-1.0
-1.0,-1.0
-5.0,-1.0
1.0,0.0
1.0,-1.0
-1.0,0.0
-3.0,-1.0
-1.0,-1.0
0.0,0.0
0.0,1.0
-2.0,0.0
0.0,1.0
1.0,2.0
-1.0,1.0
0.0,0.0
2.0,3.0
-2.0,0.0
1.0,0.0
1.0,0.0
1.0,1.0
0.0,1.0
1.0,1.0
-2.0,0.0
0.0,1.0
0.0,0.0
0.0,0.0
-1.0,-1.0
-1.0,0.0
0.0,-2.0
0.0,1.0
-3.0,1.0
0.0,0.0
0.0,0.0
0.0,1.0
0.0,0.0
0.0,0.0
-1.0,0.0
-3.0,-1.0
2.0,0.0
0.0,-1.0
-2.0,-1.0
-5.0,0.0
-2.0,0.0
1.0,-1.0
1.0,0.0
1.0,0.0
1.0,0.0
-1.0,-1.0
-5.0,0.0
0.0,0.0
-1.0,4.0
-1.0,0.0
-1.0,0.0
-2.0,0.0
-3.0,-1.0
-3.0,0.0
-2.0,0.0
-3.0,-1.0
-11.0,-1.0
-25.0,20.0
-8.0,0.0
0.0,0.0
-1.0,0.0
-7.0,1.0
21.0,4.0
-2.0,0.0
0.0,-1.0
0.0,-1.0
1.0,0.0
0.0,0.0
-2.0,-1.0
-2.0,-1.0
-1.0,-1.0
-3.0,0.0
-28.0,-5.0
-27.0,0.0
-18.0,0.0
-2.0,-1.0
-1.0,0.0
-2.0,-1.0
-3.0,0.0
0.0,1.0
0.0,0.0
-1.0,1.0
-3.0,0.0
-1.0,0.0
-2.0,0.0
-3.0,-2.0
-1.0,0.0
-1.0,0.0
-3.0,0.0
-2.0,1.0
-3.0,-1.0
-1.0,0.0
-2.0,-1.0
-2.0,0.0
-2.0,-1.0
-2.0,0.0
-2.0,0.0
-1.0,-1.0
0.0,0.0
-3.0,1.0
-1.0,0.0
0.0,-1.0
0.0,0.0
0.0,0.0
0.0,0.0
-2.0,0.0
-1.0,0.0
-2.0,0.0
-1.0,0.0
0.0,0.0
1.0,-1.0
-1.0,0.0
0.0,-1.0
-1.0,0.0
-2.0,0.0
-1.0,1.0
-1.0,1.0
-2.0,1.0
1.0,-1.0
0.0,1.0
0.0,1.0
-1.0,1.0
0.0,1.0
-2.0,-2.0
-2.0,0.0
-1.0,0.0
-1.0,0.0
-2.0,0.0
0.0,1.0
0.0,0.0
1.0,0.0
-4.0,-2.0
-3.0,-6.0
-1.0,0.0
-2.0,-1.0
0.0,1.0
0.0,1.0
-1.0,0.0
-2.0,0.0
-1.0,0.0
-1.0,0.0
-2.0,1.0
4.0,1.0
3.0,-1.0
-1.0,0.0
-2.0,0.0
-3.0,0.0
-3.0,0.0
-4.0,0.0
-3.0,0.0
0.0,-1.0
0.0,-1.0
0.0,-1.0
-1.0,0.0
-1.0,0.0
0.0,1.0
-1.0,1.0
0.0,0.0
-2.0,0.0
-2.0,0.0
-3.0,-1.0
-1.0,-1.0
-3.0,0.0
-2.0,-1.0
-4.0,-1.0
-3.0,0.0
-2.0,1.0
-3.0,-1.0
-1.0,0.0
0.0,0.0
-1.0,-1.0
1.0,-1.0
-2.0,-2.0
-1.0,-2.0
-1.0,-2.0
1.0,0.0
-1.0,0.0
0.0,-1.0
0.0,-1.0
0.0,0.0
-1.0,-1.0
-1.0,0.0
-1.0,0.0
0.0,0.0
0.0,0.0
3.0,0.0
0.0,-1.0
0.0,-1.0
-2.0,0.0
-2.0,0.0
-1.0,-1.0
-1.0,0.0
-6.0,-1.0
-1.0,-1.0
-4.0,-2.0
-1.0,0.0
-1.0,-1.0
1.0,0.0
-1.0,0.0
-1.0,-1.0
-4.0,-1.0
-4.0,1.0
-3.0,0.0
-1.0,1.0
0.0,1.0
0.0,0.0
0.0,1.0
-1.0,-1.0
-2.0,-1.0
0.0,1.0
1.0,-2.0
-1.0,-1.0
0.0,0.0
1.0,-1.0
-2.0,-1.0
-1.0,-1.0
0.0,-1.0
0.0,-1.0
0.0,-1.0
0.0,-2.0
0.0,0.0
0.0,0.0
-3.0,0.0
0.0,0.0
0.0,0.0
0.0,0.0
0.0,1.0
0.0,0.0
-1.0,0.0
-2.0,0.0
-1.0,1.0
0.0,0.0
-1.0,0.0
-1.0,-1.0
1.0,0.0
-1.0,0.0
1.0,0.0
0.0,0.0
1.0,1.0
2.0,0.0
-1.0,1.0
0.0,1.0
-1.0,0.0
-2.0,0.0
-2.0,-1.0
0.0,-1.0
0.0,0.0
1.0,1.0
0.0,1.0
0.0,1.0
-1.0,1.0
-3.0,-1.0
-2.0,-1.0
-2.0,0.0
0.0,0.0
1.0,1.0
-2.0,0.0
0.0,0.0
0.0,0.0
0.0,0.0
-1.0,-2.0
0.0,0.0
1.0,0.0
0.0,0.0
0.0,1.0
1.0,1.0
1.0,0.0
0.0,0.0
0.0,0.0
-1.0,-1.0
-1.0,0.0
0.0,1.0
0.0,1.0
-1.0,1.0
0.0,-1.0
0.0,0.0
-2.0,-1.0
-1.0,1.0
-1.0,-1.0
0.0,0.0
-1.0,1.0
1.0,0.0
-1.0,1.0
0.0,1.0
-1.0,0.0
-1.0,0.0
-1.0,0.0
-1.0,1.0
-1.0,2.0
-2.0,1.0
1.0,1.0
-2.0,0.0
-1.0,1.0
0.0,1.0
-1.0,0.0
-1.0,-1.0
1.0,-1.0
-2.0,0.0
1.0,2.0
-2.0,1.0
-4.0,-1.0
-1.0,1.0
-1.0,0.0
0.0,1.0
0.0,0.0
1.0,0.0
-1.0,0.0
0.0,0.0
-1.0,-1.0
0.0,0.0
-1.0,0.0
-2.0,0.0
-1.0,0.0
0.0,-1.0
0.0,-1.0
0.0,-1.0
1.0,0.0
-1.0,1.0
0.0,0.0
0.0,1.0
-2.0,1.0
0.0,-2.0
-1.0,-1.0
1.0,-1.0
-2.0,-2.0
-2.0,-1.0
-2.0,0.0
-2.0,0.0
0.0,0.0
0.0,0.0
0.0,0.0
-2.0,0.0
0.0,0.0
0.0,-1.0
1.0,1.0
0.0,1.0
0.0,0.0
1.0,2.0
1.0,2.0
-30.0,-30.0
-5.0,0.0
-1.0,-1.0
-1.0,1.0
-2.0,1.0
-1.0,0.0
-1.0,0.0
1.0,-1.0
0.0,0.0
2.0,-9.0
0.0,0.0
1.0,-1.0
1.0,-1.0
1.0,-1.0
1.0,1.0
-1.0,-1.0
-2.0,1.0
0.0,1.0
0.0,0.0
-1.0,0.0
-2.0,-2.0
-1.0,0.0
-1.0,-2.0
-2.0,-1.0
0.0,0.0
-5.0,0.0
-4.0,0.0
-4.0,0.0
-5.0,0.0
0.0,0.0
0.0,-1.0
0.0,-1.0
0.0,-1.0
-2.0,-1.0
-2.0,-1.0
-1.0,-1.0
0.0,0.0
1.0,0.0
1.0,2.0
2.0,1.0
1.0,0.0
1.0,0.0
0.0,-2.0
1.0,-1.0
-1.0,0.0
0.0,-1.0
1.0,0.0
-2.0,-2.0
0.0,-1.0
1.0,-1.0
3.0,0.0
-1.0,0.0
1.0,0.0
-2.0,1.0
-2.0,0.0
-4.0,0.0
0.0,1.0
-1.0,1.0
0.0,1.0
0.0,2.0
0.0,0.0
-1.0,0.0
1.0,-1.0
0.0,2.0
-1.0,0.0
-1.0,0.0
0.0,0.0
-1.0,2.0
-1.0,1.0
-1.0,0.0
-1.0,-2.0
0.0,0.0
0.0,-1.0
0.0,-1.0
0.0,0.0
2.0,1.0
0.0,1.0
0.0,1.0
0.0,0.0
-2.0,0.0
-1.0,0.0
1.0,0.0
-2.0,-1.0
-1.0,0.0
-2.0,-1.0
-1.0,-1.0
-1.0,0.0
-1.0,-1.0
-1.0,-1.0
0.0,-1.0
-1.0,-1.0
-2.0,0.0
-1.0,-1.0
0.0,0.0
1.0,1.0
-2.0,-1.0
-2.0,-2.0
-1.0,0.0
-2.0,-1.0
2.0,1.0
0.0,1.0
-2.0,0.0
0.0,2.0
-2.0,0.0
0.0,1.0
0.0,0.0
-1.0,0.0
-1.0,0.0
0.0,0.0
-1.0,0.0
-1.0,0.0
1.0,1.0
0.0,1.0
-1.0,-1.0
-1.0,0.0
-6.0,-1.0
-3.0,0.0
-2.0,0.0
-1.0,-1.0
0.0,0.0
0.0,0.0
2.0,0.0
-2.0,0.0
-2.0,0.0
-2.0,1.0
1.0,0.0
0.0,0.0
0.0,0.0
-1.0,-1.0
1.0,-1.0
0.0,-1.0
0.0,0.0
0.0,0.0
-1.0,0.0
-1.0,-1.0
0.0,0.0
-1.0,0.0
-1.0,-1.0
-2.0,-1.0
0.0,0.0
0.0,-1.0
0.0,0.0
-2.0,-1.0
-1.0,0.0
0.0,0.0
-1.0,-1.0
0.0,1.0
0.0,1.0
-1.0,-1.0
0.0,1.0
0.0,1.0
0.0,0.0
0.0,0.0
1.0,0.0
0.0,0.0
0.0,1.0
1.0,1.0
0.0,1.0
0.0,1.0
-1.0,-1.0
-1.0,0.0
-1.0,1.0
-1.0,0.0
0.0,0.0
1.0,1.0
0.0,0.0
1.0,0.0
-1.0,0.0
0.0,0.0
1.0,0.0
0.0,0.0
0.0,1.0
0.0,0.0
0.0,0.0
-1.0,-1.0
-1.0,0.0
-1.0,0.0
0.0,0.0
1.0,-1.0
1.0,1.0
2.0,0.0
0.0,0.0
0.0,0.0
0.0,-1.0
1.0,0.0
0.0,0.0
1.0,1.0
1.0,0.0
-2.0,-1.0
0.0,-1.0
-1.0,-1.0
-1.0,-1.0
1.0,-1.0
1.0,-1.0
0.0,0.0
0.0,0.0
-1.0,0.0
0.0,-1.0
-1.0,0.0
0.0,0.0
-1.0,1.0
0.0,0.0
1.0,1.0
0.0,1.0
0.0,0.0
3.0,1.0
0.0,0.0
-1.0,0.0
0.0,1.0
-2.0,1.0
-2.0,1.0
-3.0,1.0
-2.0,0.0
-1.0,0.0
0.0,-1.0
0.0,-1.0
-1.0,0.0
0.0,1.0
1.0,0.0
1.0,1.0
0.0,1.0
0.0,0.0
0.0,1.0
-2.0,0.0
-1.0,0.0
0.0,0.0
0.0,1.0
0.0,-1.0
-1.0,0.0
-1.0,-1.0
0.0,-1.0
-1.0,-1.0
0.0,-1.0
-2.0,0.0
-2.0,1.0
-1.0,0.0
-1.0,0.0
1.0,1.0
0.0,1.0
0.0,0.0
0.0,1.0
0.0,0.0
0.0,-1.0
0.0,0.0
-1.0,0.0
-1.0,1.0
-3.0,0.0
1.0,1.0
1.0,0.0
-1.0,0.0
1.0,1.0
-1.0,0.0
-1.0,0.0
-1.0,0.0
-1.0,1.0
0.0,0.0
-2.0,0.0
0.0,0.0
-1.0,0.0
-1.0,0.0
0.0,0.0
0.0,-1.0
1.0,0.0
0.0,-1.0
-1.0,0.0
0.0,0.0
0.0,0.0
0.0,3.0
-3.0,0.0
0.0,1.0
1.0,0.0
1.0,0.0
0.0,0.0
-1.0,0.0
1.0,0.0
-1.0,0.0
-1.0,0.0
-3.0,-1.0
-5.0,-2.0
-2.0,0.0
-1.0,0.0
-2.0,-1.0
1.0,1.0
1.0,0.0
0.0,1.0
0.0,1.0
1.0,1.0
0.0,0.0
0.0,0.0
-7.0,0.0
0.0,1.0
-1.0,0.0
0.0,1.0
-1.0,-1.0
1.0,0.0
0.0,0.0
1.0,0.0
-23.0,-1.0
-2.0,1.0
-1.0,-1.0
-1.0,0.0
0.0,0.0
-1.0,0.0
-2.0,0.0
-1.0,0.0
-4.0,0.0
-2.0,0.0
-1.0,-2.0
1.0,0.0
2.0,1.0
0.0,0.0
2.0,0.0
-1.0,0.0
-1.0,-1.0
-2.0,-1.0
0.0,0.0
1.0,-1.0
1.0,1.0
1.0,0.0
0.0,0.0
1.0,0.0
0.0,1.0
-1.0,-1.0
1.0,1.0
-3.0,2.0
-3.0,0.0
-2.0,1.0
0.0,1.0
-1.0,-1.0
-1.0,-2.0
-1.0,-1.0
0.0,0.0
-1.0,-1.0
-2.0,-1.0
0.0,0.0
8.0,-4.0
-1.0,-1.0
-2.0,1.0
-1.0,0.0
-2.0,0.0
-2.0,-1.0
-3.0,1.0
-2.0,-1.0
0.0,1.0
-1.0,1.0
0.0,0.0
-1.0,0.0
-1.0,0.0
0.0,0.0
0.0,-1.0
-1.0,-1.0
-1.0,-1.0
-1.0,0.0
-1.0,0.0
-2.0,-1.0
-1.0,-1.0
-2.0,0.0
-2.0,0.0
-1.0,1.0
0.0,-2.0
0.0,-1.0
2.0,0.0
-2.0,0.0
-2.0,0.0
1.0,-1.0
1.0,0.0
0.0,-1.0
-1.0,-2.0
-1.0,0.0
-3.0,-1.0
-3.0,-1.0
-3.0,0.0
-4.0,0.0
-5.0,-1.0
-3.0,-1.0
-1.0,0.0
0.0,-1.0
0.0,0.0
0.0,0.0
0.0,0.0
-2.0,1.0
-1.0,-1.0
-1.0,0.0
0.0,-2.0
1.0,-1.0
1.0,-2.0
-1.0,-1.0
-1.0,-1.0
-1.0,-1.0
1.0,0.0
-1.0,-1.0
1.0,1.0
1.0,0.0
2.0,1.0
-1.0,0.0
0.0,0.0
1.0,2.0
-1.0,-1.0
-1.0,0.0
-1.0,-1.0
-1.0,-2.0
-2.0,-1.0
-1.0,2.0
0.0,1.0
-3.0,1.0
-2.0,1.0
-2.0,1.0
-1.0,-2.0
-1.0,-2.0
-1.0,0.0
1.0,0.0
-2.0,0.0
-1.0,1.0
0.0,0.0
0.0,0.0
0.0,-1.0
1.0,0.0
0.0,1.0
0.0,-1.0
-1.0,-1.0
-3.0,0.0
-1.0,-1.0
0.0,-1.0
-1.0,0.0
-2.0,0.0
-3.0,-1.0
-2.0,1.0
0.0,-3.0
0.0,-4.0
-2.0,2.0
-1.0,0.0
0.0,0.0
-2.0,-1.0
1.0,0.0
-1.0,0.0
0.0,0.0
-2.0,1.0
-1.0,0.0
-1.0,0.0
0.0,-1.0
0.0,0.0
-1.0,0.0
1.0,-2.0
0.0,0.0
0.0,0.0
-1.0,-1.0
-1.0,0.0
-3.0,-1.0
-1.0,-1.0
-2.0,-1.0
-1.0,0.0
-6.0,-2.0
-3.0,0.0
-4.0,-1.0
1.0,0.0
-1.0,0.0
-2.0,-1.0
-29.0,1.0
-27.0,0.0
-28.0,1.0
-1.0,1.0
-1.0,1.0
0.0,1.0
-3.0,-1.0
-5.0,-1.0
-4.0,0.0
-2.0,-1.0
-1.0,-1.0
-1.0,0.0
-2.0,0.0
-1.0,-1.0
