-2.0,-1.0
6.0,0.0
4.0,0.0
-7.0,-1.0
1.0,0.0
4.0,0.0
-17.0,-19.0
-19.0,-14.0
1.0,0.0
2.0,-1.0
0.0,0.0
1.0,5.0
3.0,3.0
0.0,-2.0
-1.0,-2.0
3.0,2.0
3.0,1.0
4.0,0.0
3.0,2.0
1.0,0.0
0.0,-1.0
-1.0,0.0
0.0,0.0
0.0,-1.0
1.0,0.0
1.0,-1.0
-1.0,-1.0
2.0,0.0
1.0,0.0
2.0,0.0
-3.0,-3.0
-3.0,-3.0
-2.0,-2.0
-4.0,-3.0
-4.0,-4.0
-2.0,-1.0
-1.0,-1.0
-1.0,-4.0
2.0,-1.0
2.0,1.0
2.0,1.0
3.0,1.0
2.0,0.0
0.0,1.0
1.0,1.0
0.0,0.0
-1.0,1.0
-1.0,-1.0
-1.0,0.0
1.0,1.0
1.0,1.0
4.0,0.0
1.0,1.0
1.0,3.0
3.0,2.0
1.0,2.0
0.0,5.0
-4.0,1.0
-2.0,1.0
1.0,0.0
3.0,1.0
0.0,1.0
3.0,1.0
-2.0,3.0
-27.0,-4.0
-2.0,2.0
-1.0,2.0
0.0,2.0
-9.0,2.0
1.0,3.0
4.0,0.0
-1.0,2.0
-8.0,3.0
0.0,3.0
5.0,2.0
3.0,1.0
0.0,1.0
2.0,0.0
2.0,0.0
2.0,1.0
8.0,-1.0
1.0,1.0
1.0,0.0
0.0,1.0
2.0,-1.0
-3.0,-1.0
2.0,0.0
1.0,-1.0
5.0,0.0
-1.0,-1.0
0.0,2.0
2.0,1.0
4.0,2.0
5.0,1.0
0.0,0.0
8.0,1.0
7.0,1.0
2.0,1.0
-1.0,1.0
-1.0,0.0
2.0,-2.0
2.0,-1.0
-1.0,-2.0
-2.0,-2.0
-3.0,-2.0
-10.0,1.0
-5.0,2.0
-4.0,0.0
7.0,2.0
4.0,2.0
2.0,1.0
3.0,1.0
2.0,1.0
1.0,0.0
0.0,1.0
0.0,0.0
-1.0,-1.0
4.0,-1.0
8.0,0.0
-3.0,0.0
5.0,1.0
7.0,0.0
-5.0,1.0
3.0,0.0
-1.0,0.0
3.0,0.0
0.0,0.0
0.0,-1.0
-1.0,1.0
-1.0,2.0
3.0,-2.0
2.0,-2.0
-2.0,1.0
0.0,2.0
0.0,2.0
3.0,3.0
1.0,2.0
1.0,-3.0
-1.0,-1.0
-1.0,0.0
-1.0,1.0
0.0,-1.0
1.0,3.0
3.0,3.0
5.0,4.0
0.0,-1.0
1.0,2.0
-5.0,-2.0
5.0,-1.0
-5.0,-1.0
-4.0,-1.0
-5.0,0.0
3.0,-2.0
2.0,-2.0
6.0,-3.0
-1.0,-4.0
0.0,-5.0
-6.0,-3.0
3.0,7.0
3.0,7.0
2.0,-2.0
2.0,-4.0
-2.0,1.0
-2.0,1.0
-3.0,2.0
-4.0,1.0
5.0,3.0
7.0,4.0
2.0,3.0
1.0,-1.0
1.0,0.0
0.0,-1.0
2.0,4.0
2.0,-1.0
-3.0,0.0
-3.0,0.0
-1.0,-1.0
2.0,0.0
3.0,0.0
0.0,2.0
-4.0,3.0
2.0,-3.0
2.0,-4.0
3.0,-3.0
-3.0,-2.0
-3.0,-2.0
2.0,-1.0
-13.0,-1.0
4.0,0.0
10.0,0.0
3.0,-1.0
7.0,-1.0
0.0,2.0
-1.0,0.0
1.0,2.0
2.0,3.0
1.0,2.0
-3.0,-1.0
-4.0,0.0
-2.0,-2.0
1.0,-1.0
-1.0,0.0
3.0,-1.0
4.0,-1.0
-2.0,0.0
0.0,-1.0
0.0,-1.0
1.0,2.0
2.0,1.0
1.0,0.0
1.0,0.0
0.0,1.0
2.0,0.0
9.0,3.0
0.0,2.0
8.0,2.0
-1.0,-5.0
-1.0,-6.0
3.0,-4.0
0.0,-1.0
-1.0,-2.0
-1.0,1.0
1.0,0.0
0.0,0.0
-4.0,0.0
-3.0,1.0
-12.0,-1.0
1.0,-3.0
1.0,-1.0
0.0,-1.0
-1.0,1.0
-1.0,1.0
2.0,-1.0
3.0,0.0
0.0,0.0
3.0,-1.0
1.0,0.0
-2.0,0.0
-1.0,0.0
-1.0,0.0
0.0,0.0
4.0,-1.0
4.0,0.0
1.0,-1.0
1.0,0.0
-1.0,1.0
7.0,1.0
3.0,-1.0
6.0,-1.0
0.0,-1.0
-1.0,2.0
-2.0,3.0
0.0,3.0
-1.0,5.0
6.0,4.0
5.0,4.0
5.0,1.0
-9.0,0.0
2.0,0.0
-7.0,1.0
-2.0,-1.0
-1.0,-3.0
2.0,-5.0
-4.0,-3.0
-3.0,-1.0
-4.0,0.0
-4.0,0.0
0.0,-1.0
0.0,9.0
2.0,9.0
4.0,9.0
-4.0,6.0
5.0,6.0
1.0,6.0
4.0,6.0
-1.0,0.0
0.0,1.0
0.0,3.0
-27.0,-3.0
-1.0,-1.0
-1.0,0.0
2.0,-1.0
-1.0,-1.0
3.0,-2.0
-7.0,-11.0
-1.0,0.0
-2.0,-2.0
1.0,0.0
1.0,0.0
1.0,0.0
0.0,-1.0
0.0,2.0
0.0,0.0
1.0,1.0
3.0,-1.0
7.0,-1.0
5.0,-2.0
5.0,-2.0
2.0,0.0
0.0,0.0
-2.0,2.0
2.0,0.0
-1.0,2.0
1.0,1.0
0.0,1.0
-6.0,1.0
-2.0,0.0
3.0,2.0
7.0,4.0
2.0,2.0
2.0,4.0
9.0,2.0
2.0,3.0
3.0,6.0
9.0,1.0
10.0,0.0
8.0,0.0
6.0,0.0
9.0,0.0
-3.0,-2.0
-1.0,-1.0
0.0,-1.0
6.0,1.0
-1.0,0.0
-1.0,2.0
4.0,2.0
-3.0,1.0
2.0,0.0
2.0,1.0
5.0,0.0
-2.0,-2.0
0.0,2.0
-2.0,1.0
1.0,1.0
1.0,2.0
0.0,1.0
-1.0,0.0
0.0,1.0
4.0,0.0
0.0,-1.0
3.0,0.0
0.0,0.0
8.0,-1.0
4.0,-2.0
-2.0,-2.0
2.0,0.0
3.0,-1.0
-1.0,-2.0
1.0,-2.0
2.0,0.0
4.0,-5.0
0.0,-2.0
-2.0,-1.0
-2.0,0.0
1.0,-2.0
0.0,0.0
4.0,-1.0
0.0,1.0
-1.0,1.0
-2.0,2.0
0.0,1.0
0.0,0.0
1.0,2.0
1.0,1.0
0.0,1.0
1.0,1.0
1.0,2.0
1.0,0.0
8.0,5.0
0.0,1.0
1.0,1.0
0.0,0.0
5.0,-3.0
-3.0,-2.0
2.0,-1.0
1.0,-2.0
1.0,-2.0
4.0,-2.0
-3.0,0.0
3.0,-2.0
1.0,-1.0
1.0,-1.0
1.0,-1.0
-1.0,0.0
1.0,0.0
1.0,-1.0
4.0,-2.0
1.0,-2.0
0.0,-1.0
3.0,-1.0
9.0,0.0
2.0,-1.0
6.0,1.0
-1.0,1.0
0.0,3.0
0.0,1.0
2.0,0.0
2.0,0.0
4.0,0.0
-2.0,-1.0
-1.0,-1.0
-3.0,0.0
-1.0,-1.0
0.0,0.0
3.0,-1.0
2.0,-1.0
1.0,-2.0
-4.0,-3.0
-5.0,-4.0
-3.0,-3.0
-4.0,0.0
-4.0,-2.0
-6.0,-5.0
2.0,-3.0
-1.0,-3.0
0.0,-1.0
0.0,-3.0
-1.0,-3.0
2.0,0.0
5.0,1.0
-1.0,1.0
-1.0,0.0
1.0,0.0
1.0,0.0
1.0,0.0
0.0,0.0
0.0,1.0
8.0,3.0
7.0,3.0
-3.0,-3.0
-1.0,-4.0
0.0,-4.0
1.0,3.0
0.0,2.0
2.0,3.0
1.0,-3.0
1.0,-3.0
2.0,-2.0
6.0,-3.0
0.0,-1.0
-8.0,1.0
0.0,0.0
-1.0,0.0
-4.0,0.0
1.0,0.0
-6.0,-2.0
0.0,-1.0
2.0,-1.0
0.0,-2.0
-2.0,-1.0
1.0,-2.0
-2.0,-1.0
4.0,-2.0
-5.0,0.0
0.0,0.0
-1.0,-1.0
1.0,-1.0
5.0,-2.0
2.0,-1.0
3.0,-1.0
3.0,-1.0
-1.0,0.0
0.0,0.0
1.0,1.0
-1.0,-3.0
2.0,-1.0
1.0,-1.0
-1.0,-1.0
1.0,-1.0
-2.0,-4.0
4.0,-3.0
-4.0,-1.0
1.0,-1.0
4.0,0.0
2.0,-1.0
2.0,-5.0
1.0,-5.0
2.0,-1.0
1.0,0.0
1.0,0.0
0.0,0.0
0.0,3.0
1.0,1.0
-1.0,2.0
3.0,2.0
0.0,1.0
-14.0,5.0
-6.0,1.0
-18.0,3.0
-5.0,3.0
2.0,1.0
2.0,-1.0
5.0,1.0
4.0,2.0
6.0,3.0
3.0,1.0
1.0,0.0
1.0,1.0
4.0,2.0
3.0,0.0
0.0,2.0
1.0,-3.0
0.0,-4.0
0.0,-4.0
0.0,-4.0
1.0,1.0
-2.0,0.0
-1.0,0.0
-2.0,0.0
-4.0,0.0
-2.0,0.0
-4.0,0.0
-1.0,-1.0
-6.0,-2.0
-2.0,0.0
-2.0,-1.0
1.0,-1.0
4.0,-2.0
0.0,-1.0
1.0,-1.0
1.0,-1.0
2.0,-2.0
2.0,-3.0
5.0,2.0
3.0,2.0
4.0,3.0
-4.0,-15.0
5.0,-3.0
2.0,0.0
-3.0,-3.0
-2.0,0.0
-1.0,-3.0
8.0,1.0
3.0,-1.0
5.0,-1.0
2.0,-3.0
-3.0,-3.0
0.0,-3.0
-23.0,3.0
-2.0,0.0
-1.0,0.0
-2.0,1.0
3.0,4.0
2.0,2.0
0.0,3.0
-2.0,3.0
0.0,3.0
0.0,0.0
0.0,-2.0
-2.0,-1.0
3.0,-1.0
-2.0,0.0
-2.0,0.0
3.0,2.0
3.0,2.0
0.0,-2.0
1.0,-3.0
2.0,8.0
2.0,6.0
-2.0,-3.0
-1.0,-5.0
-2.0,-5.0
-1.0,-7.0
0.0,0.0
-2.0,0.0
-1.0,0.0
8.0,0.0
3.0,0.0
-1.0,0.0
-1.0,0.0
0.0,0.0
0.0,0.0
3.0,4.0
-1.0,3.0
0.0,2.0
0.0,1.0
1.0,0.0
0.0,-1.0
-1.0,-1.0
-1.0,-1.0
-4.0,0.0
3.0,-1.0
-2.0,-1.0
1.0,1.0
-14.0,6.0
-9.0,9.0
4.0,2.0
7.0,1.0
-1.0,1.0
-1.0,1.0
4.0,-1.0
0.0,1.0
4.0,0.0
5.0,-2.0
-7.0,1.0
-5.0,1.0
7.0,3.0
5.0,0.0
2.0,-2.0
2.0,-2.0
1.0,1.0
1.0,0.0
0.0,0.0
0.0,0.0
-1.0,1.0
8.0,-1.0
9.0,1.0
-1.0,1.0
7.0,0.0
-2.0,1.0
3.0,-1.0
3.0,-1.0
-6.0,-2.0
-2.0,-1.0
-2.0,0.0
-2.0,-1.0
-1.0,0.0
1.0,1.0
0.0,0.0
1.0,0.0
0.0,-1.0
-4.0,0.0
4.0,1.0
2.0,0.0
2.0,1.0
2.0,3.0
2.0,2.0
2.0,3.0
-7.0,0.0
7.0,2.0
-2.0,0.0
2.0,0.0
-1.0,0.0
-2.0,1.0
-7.0,1.0
5.0,2.0
0.0,2.0
-1.0,1.0
1.0,1.0
0.0,1.0
1.0,-2.0
-1.0,-1.0
2.0,-3.0
-6.0,-3.0
0.0,-2.0
-6.0,-2.0
1.0,0.0
3.0,-3.0
2.0,-2.0
-3.0,0.0
0.0,1.0
0.0,0.0
3.0,0.0
-1.0,2.0
-3.0,-1.0
0.0,2.0
2.0,3.0
0.0,2.0
0.0,3.0
0.0,1.0
-1.0,0.0
0.0,-1.0
3.0,-1.0
3.0,-2.0
-2.0,-1.0
-4.0,0.0
0.0,0.0
5.0,1.0
-3.0,0.0
-1.0,0.0
1.0,1.0
-1.0,2.0
-3.0,3.0
-2.0,2.0
1.0,1.0
0.0,1.0
-2.0,1.0
3.0,-1.0
0.0,0.0
-2.0,0.0
-3.0,1.0
-4.0,1.0
-4.0,2.0
5.0,5.0
6.0,6.0
4.0,6.0
-4.0,1.0
26.0,6.0
0.0,0.0
0.0,0.0
10.0,1.0
3.0,2.0
2.0,3.0
-1.0,3.0
-1.0,1.0
-1.0,1.0
30.0,7.0
30.0,4.0
30.0,8.0
-30.0,0.0
-30.0,0.0
4.0,3.0
3.0,2.0
-2.0,1.0
-1.0,1.0
-3.0,0.0
-5.0,4.0
7.0,3.0
1.0,2.0
2.0,2.0
-1.0,1.0
-4.0,-1.0
1.0,0.0
0.0,0.0
6.0,-2.0
1.0,2.0
-4.0,-1.0
1.0,-2.0
-1.0,-1.0
-3.0,0.0
-2.0,0.0
-3.0,0.0
-5.0,-1.0
-5.0,4.0
0.0,3.0
-9.0,-20.0
-2.0,3.0
-12.0,-16.0
-1.0,0.0
1.0,1.0
0.0,-1.0
-1.0,1.0
2.0,3.0
3.0,2.0
2.0,2.0
3.0,3.0
0.0,-3.0
2.0,1.0
3.0,1.0
0.0,0.0
1.0,0.0
5.0,-1.0
0.0,-1.0
0.0,0.0
0.0,-1.0
0.0,-1.0
2.0,-2.0
-1.0,-1.0
2.0,-1.0
0.0,0.0
2.0,-1.0
4.0,-1.0
1.0,0.0
-1.0,-1.0
-1.0,-1.0
-4.0,-2.0
-2.0,-1.0
2.0,1.0
1.0,0.0
1.0,0.0
1.0,0.0
0.0,1.0
-1.0,0.0
0.0,0.0
-7.0,2.0
-6.0,2.0
0.0,2.0
-2.0,2.0
-2.0,1.0
0.0,4.0
1.0,-1.0
4.0,-1.0
6.0,0.0
17.0,18.0
5.0,1.0
-1.0,1.0
2.0,0.0
0.0,3.0
5.0,2.0
3.0,2.0
3.0,3.0
-2.0,2.0
4.0,2.0
-5.0,3.0
-1.0,2.0
-5.0,0.0
-2.0,0.0
-3.0,1.0
-2.0,0.0
1.0,0.0
-4.0,1.0
-1.0,1.0
1.0,1.0
-1.0,0.0
1.0,1.0
-2.0,0.0
-2.0,0.0
-1.0,-1.0
-15.0,-3.0
-3.0,-1.0
0.0,0.0
-3.0,-1.0
1.0,1.0
2.0,0.0
3.0,3.0
5.0,1.0
0.0,14.0
2.0,2.0
2.0,2.0
2.0,1.0
1.0,1.0
-2.0,2.0
-1.0,2.0
-3.0,1.0
-5.0,0.0
-3.0,1.0
-4.0,1.0
0.0,0.0
-1.0,-1.0
-2.0,0.0
1.0,-1.0
-1.0,0.0
-1.0,0.0
-2.0,-1.0
0.0,0.0
2.0,2.0
-2.0,18.0
-1.0,0.0
2.0,1.0
-2.0,7.0
-4.0,6.0
7.0,15.0
0.0,1.0
0.0,1.0
-1.0,2.0
1.0,-1.0
1.0,-2.0
3.0,-2.0
1.0,-2.0
0.0,-2.0
5.0,1.0
4.0,1.0
3.0,2.0
2.0,1.0
0.0,0.0
-1.0,-1.0
-5.0,-1.0
-2.0,0.0
0.0,-1.0
0.0,-1.0
2.0,-1.0
-1.0,0.0
1.0,-1.0
2.0,-2.0
0.0,-5.0
-2.0,-1.0
0.0,0.0
3.0,-3.0
0.0,2.0
1.0,0.0
-2.0,0.0
-1.0,0.0
-2.0,1.0
-2.0,0.0
3.0,-3.0
0.0,-2.0
2.0,-2.0
-1.0,0.0
-1.0,0.0
-3.0,0.0
2.0,5.0
-23.0,7.0
-23.0,8.0
-19.0,4.0
1.0,3.0
4.0,6.0
1.0,0.0
1.0,3.0
0.0,-2.0
-1.0,-1.0
-1.0,-3.0
0.0,1.0
0.0,1.0
-2.0,-1.0
0.0,-3.0
0.0,-2.0
1.0,7.0
2.0,-2.0
1.0,-2.0
-2.0,0.0
0.0,1.0
1.0,2.0
-1.0,0.0
-1.0,0.0
1.0,1.0
2.0,-1.0
0.0,5.0
1.0,5.0
1.0,5.0
-1.0,0.0
1.0,0.0
2.0,-1.0
-2.0,-1.0
-4.0,-1.0
3.0,0.0
-2.0,0.0
1.0,1.0
0.0,2.0
3.0,2.0
1.0,3.0
2.0,4.0
1.0,3.0
-5.0,0.0
2.0,-1.0
1.0,3.0
1.0,4.0
1.0,3.0
1.0,2.0
2.0,3.0
-2.0,-2.0
-2.0,-1.0
-1.0,-2.0
-1.0,0.0
-3.0,-2.0
0.0,0.0
-1.0,-1.0
-3.0,-1.0
-2.0,0.0
-1.0,-1.0
-1.0,-1.0
0.0,2.0
1.0,2.0
-1.0,-1.0
-1.0,-1.0
0.0,2.0
-1.0,1.0
2.0,0.0
-1.0,-3.0
-1.0,-4.0
-2.0,-4.0
-2.0,1.0
-2.0,0.0
1.0,-1.0
1.0,1.0
0.0,2.0
-1.0,0.0
-1.0,-1.0
3.0,2.0
0.0,0.0
-1.0,-1.0
-1.0,-2.0
-1.0,0.0
-4.0,2.0
-1.0,1.0
-2.0,0.0
1.0,-1.0
-2.0,-1.0
0.0,0.0
0.0,1.0
0.0,0.0
0.0,-1.0
1.0,1.0
0.0,0.0
-1.0,0.0
2.0,0.0
2.0,-1.0
2.0,-1.0
0.0,-2.0
-1.0,-3.0
5.0,0.0
2.0,-2.0
1.0,-1.0
2.0,2.0
3.0,2.0
2.0,2.0
2.0,2.0
2.0,3.0
2.0,4.0
2.0,4.0
0.0,5.0
1.0,5.0
0.0,5.0
-4.0,-1.0
-3.0,0.0
-8.0,0.0
-3.0,0.0
-2.0,-3.0
-3.0,-3.0
2.0,-3.0
-2.0,0.0
2.0,-30.0
-27.0,30.0
-9.0,7.0
-4.0,7.0
-10.0,6.0
-3.0,5.0
8.0,22.0
-2.0,1.0
-25.0,-2.0
-4.0,0.0
1.0,-2.0
-2.0,-2.0
1.0,-1.0
0.0,-1.0
1.0,-1.0
1.0,0.0
2.0,-2.0
2.0,-3.0
-1.0,-1.0
3.0,1.0
1.0,1.0
1.0,2.0
1.0,3.0
0.0,3.0
2.0,1.0
-5.0,0.0
1.0,1.0
1.0,-1.0
2.0,0.0
3.0,2.0
1.0,0.0
1.0,1.0
-2.0,0.0
3.0,3.0
4.0,2.0
4.0,0.0
3.0,1.0
4.0,2.0
4.0,1.0
4.0,3.0
5.0,0.0
-1.0,-1.0
5.0,2.0
4.0,2.0
1.0,1.0
0.0,3.0
0.0,2.0
1.0,1.0
2.0,2.0
-1.0,4.0
6.0,1.0
8.0,0.0
-1.0,-2.0
2.0,-1.0
-3.0,-1.0
6.0,-1.0
5.0,1.0
1.0,-1.0
1.0,1.0
-1.0,-1.0
2.0,0.0
0.0,0.0
-1.0,-1.0
-1.0,-1.0
0.0,-1.0
3.0,-3.0
0.0,2.0
0.0,1.0
1.0,1.0
1.0,2.0
2.0,2.0
1.0,4.0
2.0,2.0
0.0,1.0
2.0,1.0
3.0,1.0
0.0,0.0
-2.0,0.0
1.0,0.0
1.0,1.0
0.0,-1.0
2.0,-1.0
1.0,0.0
3.0,-2.0
0.0,1.0
2.0,0.0
1.0,0.0
3.0,0.0
2.0,-2.0
1.0,-3.0
2.0,0.0
1.0,-1.0
0.0,-2.0
-1.0,-1.0
-1.0,1.0
1.0,-1.0
-1.0,0.0
2.0,-1.0
2.0,-1.0
4.0,-2.0
-1.0,0.0
23.0,21.0
14.0,-30.0
2.0,1.0
13.0,-30.0
2.0,1.0
13.0,-30.0
2.0,2.0
1.0,1.0
5.0,4.0
6.0,-11.0
3.0,2.0
3.0,5.0
1.0,6.0
-2.0,3.0
0.0,0.0
0.0,-1.0
0.0,-1.0
-4.0,-1.0
-4.0,-1.0
-1.0,0.0
1.0,-2.0
-1.0,0.0
0.0,-1.0
-1.0,0.0
-2.0,-1.0
-2.0,-2.0
1.0,0.0
0.0,0.0
1.0,-1.0
-1.0,-1.0
2.0,-1.0
1.0,0.0
3.0,1.0
0.0,-1.0
1.0,0.0
2.0,-1.0
2.0,0.0
7.0,-1.0
5.0,0.0
-1.0,2.0
0.0,2.0
0.0,3.0
-2.0,4.0
0.0,1.0
1.0,1.0
1.0,0.0
1.0,8.0
2.0,7.0
-1.0,0.0
1.0,1.0
-4.0,0.0
-2.0,0.0
-3.0,0.0
-1.0,-2.0
0.0,-1.0
-1.0,-1.0
-5.0,-1.0
-5.0,0.0
-3.0,-3.0
-2.0,-2.0
-2.0,-3.0
-4.0,-5.0
3.0,-4.0
2.0,-6.0
-1.0,-3.0
0.0,0.0
0.0,-1.0
1.0,-2.0
1.0,-1.0
-2.0,0.0
-1.0,0.0
0.0,1.0
0.0,0.0
-2.0,0.0
-1.0,1.0
4.0,3.0
1.0,2.0
-4.0,-2.0
-4.0,-2.0
-3.0,-2.0
1.0,1.0
2.0,2.0
-1.0,2.0
1.0,1.0
2.0,2.0
2.0,2.0
1.0,4.0
2.0,-1.0
2.0,-1.0
-1.0,1.0
-3.0,0.0
-1.0,2.0
0.0,0.0
3.0,-1.0
-1.0,-1.0
1.0,-1.0
2.0,1.0
0.0,0.0
0.0,-1.0
-1.0,-1.0
-1.0,-1.0
-2.0,0.0
-2.0,-1.0
-2.0,-1.0
-2.0,1.0
-1.0,-1.0
-2.0,0.0
-3.0,-1.0
-1.0,-1.0
0.0,1.0
-1.0,0.0
1.0,0.0
3.0,0.0
0.0,0.0
2.0,1.0
-1.0,-1.0
0.0,0.0
1.0,-2.0
1.0,0.0
0.0,1.0
-3.0,0.0
-1.0,1.0
2.0,1.0
-3.0,-1.0
-3.0,0.0
2.0,0.0
1.0,-1.0
1.0,-6.0
1.0,0.0
1.0,-1.0
1.0,-1.0
-1.0,-3.0
1.0,-3.0
2.0,-2.0
-1.0,0.0
1.0,3.0
0.0,2.0
4.0,3.0
-1.0,1.0
3.0,5.0
-1.0,1.0
-1.0,1.0
1.0,1.0
8.0,2.0
-2.0,-1.0
-2.0,-2.0
0.0,-2.0
-1.0,-1.0
0.0,-1.0
1.0,-1.0
-1.0,-2.0
1.0,-1.0
0.0,2.0
-1.0,1.0
-1.0,1.0
-1.0,1.0
-3.0,1.0
0.0,0.0
-2.0,-1.0
0.0,0.0
-5.0,0.0
-5.0,0.0
-2.0,0.0
-4.0,-1.0
3.0,-2.0
3.0,0.0
2.0,0.0
-4.0,0.0
1.0,-1.0
0.0,3.0
-1.0,-1.0
-1.0,1.0
2.0,-1.0
2.0,0.0
4.0,0.0
3.0,5.0
-1.0,1.0
1.0,1.0
-4.0,-3.0
-3.0,-2.0
-3.0,-2.0
1.0,3.0
1.0,4.0
0.0,-1.0
-2.0,0.0
0.0,3.0
0.0,4.0
6.0,1.0
0.0,2.0
-1.0,0.0
1.0,-3.0
2.0,0.0
2.0,2.0
7.0,1.0
3.0,2.0
2.0,1.0
2.0,1.0
-1.0,3.0
-2.0,-1.0
-1.0,0.0
-2.0,-2.0
7.0,8.0
7.0,9.0
5.0,7.0
4.0,4.0
-6.0,-3.0
-1.0,-2.0
-2.0,-6.0
4.0,0.0
-1.0,0.0
-1.0,-1.0
-1.0,0.0
1.0,0.0
1.0,0.0
0.0,-1.0
-4.0,-1.0
-1.0,0.0
3.0,1.0
-2.0,-1.0
-6.0,0.0
-3.0,-1.0
0.0,0.0
-2.0,-1.0
1.0,0.0
1.0,0.0
0.0,1.0
1.0,2.0
-2.0,1.0
1.0,0.0
0.0,1.0
0.0,-1.0
1.0,0.0
1.0,1.0
-3.0,2.0
-2.0,3.0
1.0,3.0
0.0,-1.0
3.0,0.0
-2.0,1.0
0.0,0.0
0.0,1.0
0.0,0.0
-2.0,0.0
2.0,0.0
-3.0,1.0
5.0,0.0
-5.0,0.0
-2.0,0.0
-1.0,0.0
0.0,0.0
-2.0,1.0
0.0,1.0
-1.0,-1.0
3.0,-1.0
0.0,0.0
1.0,-2.0
-1.0,-1.0
1.0,-1.0
-1.0,-1.0
0.0,-2.0
1.0,2.0
2.0,1.0
1.0,1.0
1.0,0.0
2.0,1.0
-6.0,1.0
-2.0,-1.0
-1.0,1.0
0.0,1.0
-1.0,1.0
-1.0,1.0
-1.0,1.0
3.0,1.0
4.0,2.0
3.0,-1.0
1.0,1.0
0.0,1.0
0.0,-2.0
-2.0,-1.0
-2.0,0.0
0.0,2.0
0.0,1.0
0.0,0.0
1.0,-1.0
0.0,0.0
0.0,1.0
-4.0,0.0
-1.0,4.0
-2.0,3.0
2.0,1.0
2.0,1.0
1.0,0.0
-3.0,1.0
-2.0,1.0
1.0,-1.0
0.0,-1.0
2.0,-2.0
2.0,-1.0
4.0,1.0
7.0,2.0
-3.0,0.0
2.0,0.0
-3.0,1.0
-3.0,1.0
3.0,-1.0
-2.0,2.0
-1.0,0.0
1.0,-2.0
-2.0,2.0
0.0,3.0
0.0,3.0
5.0,3.0
5.0,3.0
1.0,3.0
4.0,6.0
0.0,1.0
1.0,0.0
2.0,1.0
12.0,2.0
-1.0,1.0
-2.0,2.0
0.0,1.0
2.0,3.0
-1.0,2.0
1.0,2.0
-2.0,4.0
-4.0,4.0
-1.0,1.0
-1.0,8.0
1.0,4.0
1.0,2.0
-2.0,1.0
3.0,1.0
-2.0,1.0
5.0,2.0
-4.0,-13.0
2.0,1.0
0.0,2.0
1.0,1.0
1.0,1.0
4.0,1.0
1.0,1.0
