1.0,1.0
29.0,30.0
0.0,2.0
1.0,-1.0
3.0,5.0
4.0,3.0
2.0,3.0
0.0,3.0
0.0,0.0
0.0,1.0
4.0,2.0
-1.0,1.0
3.0,0.0
-3.0,3.0
-3.0,2.0
0.0,-3.0
-2.0,-3.0
-2.0,0.0
-2.0,1.0
-6.0,-1.0
-3.0,0.0
0.0,-2.0
0.0,-1.0
-1.0,-1.0
1.0,0.0
0.0,-1.0
-3.0,-1.0
-2.0,-1.0
-5.0,-1.0
-2.0,1.0
-2.0,0.0
-2.0,0.0
-2.0,0.0
-2.0,1.0
-1.0,0.0
1.0,-1.0
2.0,-2.0
-2.0,1.0
-2.0,2.0
-3.0,4.0
-1.0,0.0
-2.0,0.0
-2.0,-2.0
0.0,1.0
-1.0,0.0
-1.0,0.0
0.0,0.0
-9.0,0.0
-2.0,-1.0
1.0,1.0
8.0,1.0
2.0,1.0
0.0,1.0
-3.0,1.0
2.0,3.0
0.0,3.0
-1.0,2.0
0.0,4.0
-1.0,5.0
1.0,-1.0
-9.0,0.0
-2.0,0.0
-1.0,2.0
-1.0,1.0
-2.0,2.0
-1.0,3.0
-4.0,3.0
-2.0,3.0
-3.0,2.0
-1.0,1.0
4.0,3.0
-5.0,2.0
0.0,2.0
1.0,3.0
-1.0,2.0
2.0,-1.0
0.0,0.0
1.0,0.0
2.0,0.0
-1.0,-1.0
1.0,0.0
0.0,1.0
2.0,0.0
0.0,1.0
1.0,-1.0
-1.0,-1.0
-2.0,-1.0
-1.0,-1.0
-3.0,0.0
-9.0,2.0
-3.0,1.0
1.0,1.0
-2.0,1.0
-1.0,3.0
4.0,0.0
5.0,-1.0
4.0,1.0
1.0,1.0
-1.0,0.0
0.0,1.0
-1.0,2.0
-10.0,19.0
0.0,1.0
4.0,2.0
2.0,2.0
2.0,1.0
3.0,6.0
0.0,1.0
-3.0,-1.0
-2.0,1.0
1.0,1.0
-3.0,-2.0
-1.0,-1.0
-1.0,-1.0
0.0,-1.0
-2.0,-2.0
0.0,-2.0
-4.0,3.0
0.0,-2.0
3.0,-1.0
5.0,-1.0
1.0,0.0
-1.0,0.0
-1.0,-1.0
-1.0,-1.0
-1.0,-1.0
0.0,0.0
-1.0,-3.0
-2.0,1.0
-1.0,0.0
0.0,1.0
1.0,1.0
0.0,-3.0
0.0,-1.0
4.0,0.0
3.0,0.0
3.0,0.0
3.0,0.0
2.0,0.0
18.0,4.0
-1.0,3.0
-1.0,-2.0
-2.0,0.0
-2.0,3.0
1.0,-2.0
-2.0,1.0
0.0,0.0
-2.0,-1.0
-1.0,1.0
-10.0,3.0
0.0,-4.0
0.0,-2.0
-2.0,-1.0
-2.0,-2.0
-1.0,-1.0
1.0,0.0
1.0,0.0
2.0,1.0
-2.0,2.0
-2.0,1.0
0.0,0.0
0.0,0.0
-3.0,-1.0
-1.0,4.0
-1.0,2.0
0.0,-1.0
-3.0,-1.0
-2.0,-1.0
-3.0,1.0
-3.0,1.0
-2.0,1.0
-5.0,2.0
0.0,1.0
-1.0,1.0
0.0,2.0
-2.0,0.0
-2.0,4.0
-3.0,4.0
-1.0,3.0
2.0,-1.0
2.0,1.0
2.0,0.0
3.0,1.0
-1.0,3.0
-2.0,3.0
-1.0,3.0
-1.0,3.0
-1.0,2.0
-2.0,3.0
3.0,-2.0
1.0,-2.0
-1.0,-2.0
2.0,-1.0
2.0,-1.0
3.0,-1.0
0.0,-1.0
-2.0,-1.0
-1.0,0.0
0.0,-1.0
1.0,-1.0
1.0,-1.0
0.0,2.0
-1.0,-1.0
0.0,0.0
0.0,2.0
1.0,1.0
-3.0,2.0
-1.0,2.0
-2.0,0.0
0.0,-4.0
0.0,-5.0
1.0,-4.0
2.0,1.0
3.0,2.0
1.0,-1.0
0.0,-1.0
1.0,2.0
-3.0,1.0
19.0,-3.0
2.0,-2.0
0.0,-1.0
0.0,-1.0
0.0,-2.0
3.0,-12.0
1.0,-4.0
2.0,-3.0
-1.0,1.0
0.0,1.0
4.0,2.0
1.0,2.0
4.0,0.0
-1.0,0.0
0.0,0.0
0.0,0.0
2.0,0.0
1.0,0.0
1.0,-1.0
-1.0,-1.0
0.0,-2.0
-6.0,0.0
-3.0,-2.0
-6.0,1.0
-5.0,0.0
-3.0,1.0
-3.0,1.0
-5.0,4.0
-3.0,3.0
-1.0,5.0
-2.0,5.0
-3.0,5.0
2.0,0.0
3.0,-2.0
1.0,-2.0
0.0,0.0
-2.0,-30.0
-4.0,7.0
6.0,9.0
3.0,19.0
9.0,6.0
-8.0,22.0
2.0,1.0
2.0,2.0
25.0,-2.0
3.0,-1.0
3.0,-1.0
2.0,-1.0
-1.0,0.0
1.0,0.0
-1.0,-1.0
1.0,0.0
-1.0,0.0
-3.0,-3.0
-2.0,0.0
-2.0,1.0
-1.0,3.0
-1.0,3.0
-2.0,4.0
-1.0,1.0
-4.0,2.0
-7.0,1.0
2.0,-1.0
-3.0,-1.0
-5.0,2.0
0.0,2.0
-2.0,2.0
-2.0,2.0
-1.0,2.0
-2.0,1.0
-2.0,3.0
-3.0,3.0
-1.0,3.0
-6.0,0.0
-9.0,0.0
1.0,0.0
0.0,1.0
6.0,-2.0
-5.0,1.0
-1.0,0.0
3.0,0.0
1.0,0.0
0.0,0.0
4.0,0.0
-2.0,1.0
1.0,-1.0
-4.0,-3.0
0.0,1.0
-2.0,2.0
-1.0,1.0
-1.0,1.0
-1.0,2.0
-2.0,4.0
-3.0,1.0
-2.0,1.0
-3.0,1.0
1.0,0.0
0.0,-1.0
-3.0,0.0
-1.0,-1.0
-1.0,0.0
-3.0,-2.0
-1.0,-1.0
-1.0,0.0
-4.0,0.0
-2.0,-3.0
27.0,16.0
0.0,-2.0
1.0,-1.0
0.0,1.0
-1.0,0.0
0.0,0.0
-2.0,0.0
-8.0,2.0
-1.0,1.0
-1.0,5.0
2.0,3.0
0.0,2.0
-6.0,3.0
-1.0,3.0
1.0,2.0
0.0,4.0
-1.0,5.0
-4.0,5.0
-1.0,1.0
-1.0,-1.0
0.0,-1.0
0.0,-1.0
-1.0,-1.0
-1.0,-2.0
-2.0,-1.0
-1.0,0.0
0.0,0.0
-2.0,0.0
-2.0,0.0
1.0,-1.0
1.0,-2.0
0.0,-2.0
0.0,0.0
0.0,0.0
-1.0,-1.0
-1.0,0.0
0.0,-1.0
-2.0,-1.0
9.0,-13.0
-4.0,0.0
2.0,1.0
1.0,2.0
1.0,2.0
1.0,3.0
4.0,5.0
3.0,3.0
2.0,4.0
-3.0,1.0
-1.0,3.0
-1.0,1.0
-6.0,-1.0
1.0,7.0
-1.0,5.0
0.0,1.0
1.0,-1.0
-2.0,1.0
-2.0,-1.0
1.0,-1.0
3.0,-1.0
-1.0,1.0
-3.0,-1.0
0.0,-2.0
-2.0,-2.0
1.0,-2.0
0.0,-2.0
1.0,-2.0
-1.0,0.0
2.0,-1.0
1.0,-3.0
4.0,-5.0
0.0,-3.0
-4.0,-4.0
0.0,-4.0
0.0,-2.0
-2.0,-4.0
1.0,-2.0
0.0,-1.0
-1.0,0.0
-1.0,0.0
-1.0,1.0
-1.0,1.0
-2.0,1.0
-5.0,3.0
-1.0,2.0
-1.0,2.0
-1.0,2.0
3.0,-1.0
3.0,-2.0
-2.0,2.0
0.0,3.0
-2.0,3.0
-1.0,-2.0
-3.0,-1.0
-3.0,-1.0
1.0,1.0
3.0,2.0
3.0,0.0
3.0,1.0
2.0,-1.0
0.0,1.0
-3.0,-1.0
0.0,-1.0
-2.0,0.0
-2.0,1.0
0.0,-1.0
0.0,0.0
2.0,0.0
1.0,0.0
2.0,-1.0
0.0,-1.0
3.0,-1.0
1.0,0.0
-3.0,0.0
-2.0,0.0
-6.0,-2.0
-3.0,-1.0
-1.0,1.0
-2.0,0.0
-1.0,-1.0
1.0,0.0
-2.0,0.0
-2.0,1.0
0.0,1.0
-1.0,1.0
3.0,0.0
0.0,-1.0
2.0,-2.0
-2.0,-2.0
0.0,-1.0
-2.0,-1.0
-1.0,0.0
-1.0,1.0
-2.0,1.0
-1.0,-5.0
-1.0,-2.0
1.0,-6.0
-1.0,-6.0
-2.0,-2.0
-1.0,-7.0
-1.0,-1.0
-2.0,-1.0
-3.0,-3.0
-1.0,-4.0
-2.0,-5.0
-3.0,-3.0
0.0,-3.0
-1.0,-3.0
-2.0,-2.0
-2.0,2.0
-5.0,2.0
-5.0,4.0
1.0,3.0
1.0,1.0
0.0,1.0
-3.0,2.0
-5.0,2.0
0.0,1.0
-1.0,0.0
0.0,1.0
2.0,3.0
0.0,1.0
-1.0,-1.0
-8.0,2.0
0.0,-1.0
0.0,-1.0
1.0,2.0
1.0,1.0
1.0,1.0
7.0,1.0
2.0,0.0
1.0,0.0
0.0,-1.0
-1.0,-1.0
4.0,-1.0
10.0,-1.0
-1.0,1.0
-3.0,0.0
-6.0,-8.0
4.0,-1.0
0.0,-1.0
2.0,-1.0
0.0,3.0
0.0,3.0
0.0,2.0
-3.0,-3.0
-3.0,-3.0
2.0,-15.0
1.0,-3.0
-1.0,-1.0
1.0,1.0
-3.0,-1.0
2.0,-2.0
-2.0,3.0
-5.0,3.0
-2.0,3.0
2.0,0.0
1.0,-2.0
4.0,-2.0
0.0,2.0
0.0,4.0
-1.0,3.0
0.0,4.0
-7.0,1.0
0.0,2.0
3.0,0.0
3.0,-1.0
2.0,-1.0
-8.0,1.0
-3.0,0.0
-4.0,1.0
-7.0,0.0
-3.0,1.0
1.0,3.0
-1.0,3.0
-6.0,1.0
1.0,0.0
1.0,0.0
-8.0,10.0
-8.0,8.0
5.0,-3.0
2.0,-6.0
3.0,-2.0
-7.0,0.0
-4.0,0.0
0.0,0.0
3.0,0.0
-2.0,-1.0
0.0,-1.0
0.0,4.0
-1.0,4.0
4.0,0.0
30.0,30.0
4.0,-1.0
-1.0,-1.0
-2.0,-1.0
2.0,-1.0
-2.0,0.0
-1.0,0.0
0.0,0.0
-9.0,3.0
0.0,0.0
-1.0,0.0
1.0,1.0
-2.0,0.0
-1.0,-1.0
-1.0,1.0
-1.0,0.0
-1.0,1.0
-2.0,1.0
-2.0,1.0
-3.0,0.0
0.0,2.0
2.0,2.0
-2.0,3.0
-4.0,-2.0
-2.0,-1.0
-3.0,-1.0
-2.0,0.0
-1.0,-1.0
-1.0,-1.0
-3.0,-1.0
-1.0,-1.0
-2.0,0.0
-2.0,0.0
-1.0,1.0
4.0,-1.0
3.0,-1.0
0.0,0.0
0.0,-1.0
3.0,-1.0
-1.0,-2.0
-1.0,-1.0
-2.0,1.0
-1.0,1.0
3.0,0.0
6.0,0.0
5.0,0.0
10.0,0.0
-4.0,1.0
0.0,2.0
-2.0,1.0
-2.0,0.0
3.0,0.0
0.0,1.0
1.0,1.0
-2.0,2.0
-3.0,2.0
-2.0,3.0
-4.0,4.0
-3.0,1.0
-2.0,0.0
-4.0,-1.0
1.0,0.0
-2.0,0.0
-2.0,0.0
2.0,0.0
0.0,-1.0
0.0,-1.0
-2.0,-1.0
0.0,-2.0
-2.0,-2.0
2.0,-1.0
2.0,0.0
2.0,0.0
-1.0,2.0
-1.0,1.0
-3.0,1.0
-1.0,2.0
1.0,0.0
0.0,0.0
-1.0,1.0
0.0,1.0
-4.0,1.0
1.0,-1.0
0.0,1.0
-2.0,3.0
1.0,2.0
-2.0,1.0
2.0,2.0
0.0,1.0
1.0,1.0
0.0,1.0
2.0,1.0
0.0,2.0
-2.0,-1.0
-2.0,-2.0
-4.0,1.0
2.0,0.0
0.0,1.0
-1.0,0.0
-1.0,0.0
2.0,1.0
-1.0,5.0
-1.0,2.0
-2.0,1.0
3.0,1.0
0.0,1.0
0.0,1.0
2.0,1.0
-3.0,1.0
3.0,1.0
-1.0,1.0
-3.0,-1.0
-2.0,-2.0
1.0,2.0
-2.0,16.0
-3.0,17.0
30.0,15.0
-5.0,3.0
-1.0,2.0
1.0,6.0
-2.0,4.0
-2.0,1.0
-17.0,14.0
-4.0,0.0
0.0,0.0
-3.0,0.0
0.0,2.0
-1.0,1.0
-5.0,2.0
0.0,2.0
-4.0,2.0
-4.0,3.0
-3.0,1.0
-1.0,-1.0
29.0,22.0
-2.0,1.0
-1.0,-1.0
-3.0,1.0
4.0,1.0
-7.0,0.0
-3.0,0.0
-1.0,0.0
-6.0,0.0
-6.0,0.0
-3.0,2.0
-2.0,-1.0
-3.0,-1.0
-5.0,2.0
2.0,3.0
-1.0,2.0
17.0,-19.0
0.0,-1.0
-2.0,0.0
2.0,-1.0
-1.0,0.0
-3.0,2.0
-3.0,3.0
0.0,-2.0
-3.0,-4.0
-3.0,-3.0
0.0,-2.0
-3.0,1.0
-3.0,2.0
-1.0,0.0
-2.0,-2.0
3.0,-1.0
-3.0,0.0
-1.0,1.0
-8.0,1.0
0.0,0.0
-2.0,0.0
-1.0,0.0
2.0,-3.0
2.0,-1.0
-3.0,2.0
-1.0,1.0
-4.0,1.0
0.0,0.0
0.0,-1.0
-1.0,1.0
0.0,0.0
2.0,1.0
0.0,-1.0
1.0,0.0
3.0,0.0
-1.0,0.0
2.0,1.0
2.0,2.0
1.0,0.0
-2.0,6.0
-1.0,7.0
3.0,2.0
2.0,2.0
-4.0,1.0
1.0,1.0
-2.0,1.0
-3.0,3.0
-1.0,3.0
20.0,-9.0
24.0,-6.0
20.0,-10.0
2.0,2.0
-5.0,0.0
1.0,4.0
7.0,3.0
1.0,3.0
-3.0,1.0
-3.0,1.0
0.0,1.0
-1.0,0.0
-2.0,0.0
1.0,1.0
-9.0,0.0
-4.0,0.0
-2.0,0.0
-8.0,0.0
-1.0,1.0
0.0,-1.0
-1.0,-1.0
-7.0,2.0
-1.0,1.0
0.0,0.0
6.0,1.0
-8.0,2.0
-6.0,1.0
-1.0,0.0
-7.0,2.0
1.0,1.0
0.0,1.0
0.0,1.0
-2.0,-1.0
-3.0,0.0
1.0,-2.0
-1.0,-2.0
-2.0,-1.0
2.0,1.0
10.0,0.0
2.0,-2.0
-3.0,-1.0
10.0,1.0
6.0,0.0
-7.0,2.0
-4.0,0.0
-2.0,2.0
4.0,5.0
-1.0,1.0
-1.0,1.0
-2.0,1.0
-4.0,-1.0
0.0,0.0
0.0,0.0
0.0,0.0
-1.0,0.0
-5.0,1.0
-2.0,1.0
0.0,1.0
-3.0,0.0
-1.0,0.0
0.0,0.0
-3.0,0.0
0.0,0.0
0.0,-1.0
2.0,-1.0
0.0,-1.0
-1.0,-1.0
-2.0,-2.0
-5.0,3.0
-3.0,1.0
-1.0,2.0
-5.0,2.0
0.0,-2.0
-3.0,-4.0
1.0,-1.0
-1.0,-1.0
0.0,-1.0
1.0,-1.0
-1.0,3.0
-2.0,4.0
-1.0,2.0
0.0,-3.0
1.0,-2.0
-2.0,-2.0
-3.0,-2.0
-1.0,-3.0
-4.0,7.0
-2.0,-2.0
-1.0,-3.0
-3.0,-4.0
0.0,-4.0
3.0,2.0
2.0,1.0
-8.0,5.0
-8.0,4.0
-4.0,3.0
1.0,3.0
0.0,2.0
-2.0,3.0
-1.0,-1.0
-1.0,0.0
-3.0,-1.0
-3.0,4.0
2.0,0.0
2.0,0.0
-5.0,-1.0
0.0,0.0
-4.0,-1.0
0.0,-1.0
-9.0,0.0
-2.0,0.0
-2.0,0.0
1.0,0.0
-5.0,3.0
0.0,1.0
-4.0,3.0
-9.0,4.0
-2.0,-3.0
-2.0,-4.0
0.0,-4.0
0.0,0.0
2.0,0.0
-9.0,0.0
-4.0,0.0
-3.0,-1.0
-3.0,-1.0
-3.0,-1.0
-1.0,2.0
1.0,0.0
4.0,0.0
4.0,0.0
-2.0,-1.0
2.0,-1.0
1.0,1.0
2.0,0.0
-1.0,0.0
-4.0,-1.0
-4.0,-1.0
-3.0,-1.0
0.0,-1.0
2.0,-1.0
2.0,0.0
1.0,-1.0
1.0,0.0
-1.0,3.0
-1.0,2.0
0.0,0.0
-2.0,0.0
-1.0,0.0
-2.0,0.0
-4.0,0.0
1.0,1.0
0.0,-7.0
1.0,-4.0
-3.0,-4.0
-2.0,-3.0
-1.0,-1.0
-1.0,-2.0
-2.0,-2.0
-4.0,-5.0
-3.0,-2.0
2.0,-1.0
1.0,1.0
3.0,2.0
4.0,1.0
0.0,-1.0
1.0,-4.0
5.0,-1.0
-2.0,-3.0
-1.0,-1.0
-1.0,-2.0
1.0,0.0
1.0,0.0
-2.0,1.0
0.0,1.0
1.0,0.0
-2.0,-1.0
-2.0,1.0
-2.0,-1.0
2.0,1.0
-4.0,0.0
0.0,-1.0
-3.0,-1.0
3.0,-1.0
1.0,-1.0
-8.0,1.0
-4.0,-1.0
-1.0,-2.0
4.0,-2.0
-4.0,-2.0
-1.0,-1.0
-9.0,3.0
-3.0,2.0
1.0,3.0
-3.0,2.0
1.0,3.0
-10.0,3.0
1.0,3.0
1.0,5.0
-1.0,4.0
-5.0,4.0
-4.0,4.0
-5.0,4.0
-5.0,4.0
4.0,1.0
7.0,1.0
-2.0,0.0
0.0,-3.0
-6.0,-2.0
9.0,0.0
0.0,-1.0
3.0,0.0
30.0,30.0
-1.0,9.0
-5.0,9.0
-2.0,19.0
-1.0,19.0
0.0,3.0
-24.0,1.0
2.0,0.0
1.0,-1.0
0.0,0.0
1.0,0.0
1.0,-1.0
6.0,-11.0
1.0,0.0
0.0,0.0
0.0,1.0
-1.0,1.0
-1.0,0.0
1.0,1.0
-2.0,1.0
-1.0,-1.0
-1.0,-2.0
-3.0,-1.0
0.0,-2.0
-2.0,2.0
-3.0,3.0
-2.0,2.0
-3.0,4.0
0.0,-1.0
-3.0,0.0
4.0,0.0
-2.0,-1.0
-3.0,1.0
0.0,1.0
0.0,1.0
-5.0,-1.0
-3.0,-1.0
2.0,1.0
3.0,1.0
-8.0,3.0
-8.0,2.0
-7.0,2.0
-9.0,4.0
-3.0,3.0
-3.0,6.0
-1.0,6.0
-5.0,-1.0
-11.0,0.0
1.0,-2.0
1.0,-1.0
0.0,1.0
-1.0,-1.0
-7.0,1.0
0.0,0.0
1.0,2.0
-1.0,2.0
-2.0,2.0
-3.0,2.0
0.0,3.0
3.0,1.0
-4.0,0.0
-2.0,0.0
-3.0,-2.0
2.0,-2.0
-4.0,-1.0
-1.0,1.0
1.0,1.0
-1.0,1.0
2.0,2.0
-2.0,2.0
2.0,1.0
-2.0,1.0
-1.0,1.0
1.0,0.0
-2.0,0.0
-8.0,-1.0
-1.0,0.0
-3.0,-2.0
-2.0,-1.0
-2.0,-1.0
0.0,0.0
-1.0,0.0
4.0,0.0
-1.0,-3.0
2.0,0.0
-2.0,-1.0
-4.0,-1.0
-3.0,-2.0
-1.0,-1.0
0.0,0.0
-3.0,-2.0
-2.0,0.0
0.0,1.0
1.0,0.0
2.0,1.0
-1.0,1.0
0.0,1.0
1.0,0.0
-2.0,3.0
0.0,0.0
-2.0,0.0
5.0,-1.0
-1.0,-1.0
-6.0,3.0
0.0,5.0
-1.0,1.0
-1.0,1.0
1.0,0.0
0.0,-3.0
-2.0,-2.0
-2.0,0.0
-2.0,-2.0
-2.0,-2.0
0.0,-1.0
1.0,-1.0
-1.0,0.0
0.0,-1.0
-2.0,0.0
2.0,0.0
-1.0,0.0
-1.0,-1.0
2.0,0.0
-1.0,-2.0
0.0,-2.0
-2.0,-1.0
-1.0,-1.0
-1.0,-1.0
-4.0,0.0
-4.0,-2.0
-2.0,-1.0
0.0,-1.0
-2.0,-1.0
0.0,-1.0
-4.0,-2.0
0.0,-2.0
-16.0,24.0
-5.0,-1.0
-3.0,-1.0
-3.0,1.0
1.0,1.0
0.0,1.0
1.0,1.0
0.0,3.0
-3.0,-1.0
-1.0,0.0
-2.0,1.0
-1.0,-1.0
1.0,-1.0
0.0,-1.0
2.0,-1.0
-8.0,-1.0
-1.0,0.0
-2.0,1.0
-7.0,-1.0
-5.0,-1.0
7.0,-1.0
-5.0,-2.0
2.0,-1.0
0.0,-3.0
-2.0,-3.0
1.0,-4.0
3.0,-3.0
3.0,-2.0
3.0,-2.0
2.0,-3.0
2.0,-3.0
3.0,-6.0
-1.0,-4.0
1.0,-2.0
0.0,-3.0
1.0,1.0
0.0,-1.0
1.0,-4.0
0.0,-2.0
1.0,-4.0
-5.0,0.0
1.0,-1.0
0.0,1.0
-3.0,0.0
0.0,0.0
2.0,1.0
0.0,-1.0
1.0,0.0
-3.0,1.0
-2.0,2.0
2.0,2.0
3.0,-1.0
1.0,-4.0
1.0,-4.0
-1.0,3.0
-1.0,2.0
-2.0,-3.0
1.0,0.0
4.0,-2.0
-1.0,-1.0
5.0,-1.0
3.0,-1.0
8.0,1.0
-4.0,-1.0
1.0,-1.0
4.0,0.0
1.0,0.0
4.0,0.0
0.0,-1.0
3.0,0.0
-1.0,0.0
-1.0,0.0
1.0,-1.0
-2.0,-1.0
-2.0,-1.0
2.0,-1.0
1.0,-1.0
0.0,-1.0
-1.0,-1.0
-3.0,0.0
-1.0,1.0
-2.0,0.0
1.0,-1.0
-1.0,1.0
0.0,1.0
0.0,2.0
2.0,-1.0
1.0,-3.0
-1.0,-1.0
-1.0,-1.0
0.0,-1.0
-2.0,1.0
-2.0,1.0
2.0,-4.0
0.0,-3.0
-5.0,-3.0
0.0,-1.0
-2.0,-2.0
-1.0,-2.0
-2.0,0.0
-2.0,-1.0
0.0,-3.0
1.0,3.0
-1.0,0.0
15.0,1.0
18.0,2.0
19.0,-1.0
5.0,3.0
7.0,1.0
-2.0,1.0
-2.0,2.0
-2.0,1.0
-3.0,0.0
-1.0,1.0
-1.0,1.0
1.0,1.0
1.0,-1.0
-6.0,0.0
0.0,2.0
-1.0,2.0
-1.0,-2.0
-1.0,-3.0
0.0,-4.0
5.0,0.0
1.0,0.0
2.0,0.0
0.0,1.0
3.0,0.0
4.0,-1.0
-4.0,1.0
2.0,0.0
-2.0,-2.0
-5.0,-1.0
-2.0,-1.0
-3.0,-2.0
-4.0,-6.0
-4.0,2.0
-4.0,3.0
-2.0,2.0
-3.0,3.0
3.0,-2.0
1.0,-3.0
-1.0,0.0
-2.0,-1.0
-8.0,1.0
-3.0,3.0
22.0,7.0
-5.0,-2.0
-4.0,0.0
1.0,0.0
-3.0,4.0
2.0,3.0
-27.0,7.0
-4.0,0.0
-1.0,-1.0
-1.0,-2.0
-2.0,-2.0
3.0,1.0
-2.0,0.0
6.0,-1.0
2.0,0.0
-2.0,2.0
-3.0,3.0
-2.0,-3.0
1.0,-2.0
0.0,-2.0
3.0,-1.0
2.0,-2.0
-4.0,18.0
-4.0,6.0
-2.0,6.0
0.0,-4.0
0.0,-5.0
4.0,-5.0
-1.0,0.0
1.0,0.0
5.0,-1.0
2.0,1.0
-1.0,1.0
-4.0,0.0
1.0,0.0
1.0,0.0
-1.0,0.0
0.0,1.0
0.0,-1.0
-1.0,0.0
-3.0,-1.0
2.0,-1.0
10.0,2.0
-29.0,10.0
6.0,9.0
1.0,2.0
-1.0,-1.0
1.0,1.0
1.0,1.0
3.0,0.0
-3.0,0.0
-7.0,2.0
-7.0,-1.0
-1.0,-1.0
-2.0,-1.0
-2.0,0.0
-2.0,1.0
1.0,1.0
0.0,1.0
-1.0,-1.0
2.0,0.0
1.0,0.0
-3.0,-1.0
-1.0,-1.0
-3.0,-1.0
4.0,0.0
2.0,1.0
0.0,0.0
0.0,1.0
0.0,0.0
-1.0,-1.0
-2.0,-1.0
-2.0,3.0
1.0,0.0
3.0,0.0
3.0,1.0
3.0,1.0
1.0,0.0
0.0,1.0
0.0,0.0
-3.0,0.0
-1.0,-1.0
0.0,1.0
0.0,-1.0
-4.0,-3.0
5.0,-2.0
6.0,-2.0
0.0,-1.0
-2.0,-2.0
3.0,0.0
-5.0,-2.0
0.0,1.0
0.0,1.0
0.0,2.0
1.0,1.0
1.0,2.0
2.0,-2.0
-4.0,5.0
0.0,2.0
10.0,2.0
-6.0,4.0
1.0,2.0
-1.0,1.0
-3.0,2.0
1.0,0.0
0.0,-1.0
-3.0,1.0
-3.0,-1.0
2.0,1.0
2.0,-2.0
-5.0,-2.0
1.0,-1.0
4.0,0.0
-4.0,1.0
0.0,1.0
0.0,0.0
2.0,0.0
3.0,0.0
0.0,0.0
3.0,1.0
2.0,2.0
0.0,1.0
0.0,1.0
-2.0,2.0
3.0,3.0
-1.0,1.0
0.0,0.0
1.0,0.0
-4.0,-1.0
-3.0,-1.0
6.0,0.0
2.0,0.0
4.0,0.0
0.0,-1.0
23.0,10.0
12.0,8.0
-1.0,0.0
3.0,2.0
-6.0,5.0
-8.0,6.0
-4.0,6.0
-7.0,1.0
-1.0,0.0
3.0,1.0
1.0,-1.0
3.0,2.0
10.0,2.0
-2.0,1.0
-4.0,1.0
-2.0,2.0
-9.0,1.0
-7.0,3.0
2.0,1.0
4.0,-1.0
-30.0,4.0
30.0,-1.0
-28.0,6.0
-4.0,1.0
1.0,3.0
6.0,2.0
2.0,2.0
0.0,2.0
3.0,1.0
-4.0,1.0
-2.0,0.0
3.0,-1.0
