0.0,3.0
-2.0,-1.0
0.0,-2.0
0.0,2.0
-2.0,1.0
0.0,1.0
1.0,0.0
-1.0,5.0
-1.0,6.0
-1.0,6.0
1.0,1.0
-2.0,-1.0
-2.0,0.0
6.0,0.0
-30.0,30.0
0.0,1.0
-1.0,1.0
-1.0,-3.0
0.0,2.0
-3.0,4.0
1.0,2.0
-2.0,4.0
4.0,-3.0
1.0,-8.0
0.0,-8.0
2.0,-6.0
1.0,-8.0
3.0,-1.0
1.0,-2.0
1.0,-1.0
3.0,-3.0
-2.0,-1.0
-3.0,1.0
-4.0,2.0
-2.0,0.0
0.0,-8.0
-1.0,-7.0
-6.0,-1.0
-7.0,-2.0
-2.0,0.0
-2.0,0.0
-2.0,0.0
0.0,-2.0
1.0,1.0
0.0,-3.0
-1.0,0.0
0.0,0.0
-3.0,6.0
-3.0,5.0
4.0,-8.0
2.0,0.0
2.0,1.0
-1.0,-1.0
-2.0,4.0
1.0,-1.0
1.0,-2.0
1.0,1.0
0.0,1.0
2.0,1.0
1.0,1.0
1.0,0.0
1.0,0.0
-1.0,1.0
0.0,-2.0
0.0,0.0
-4.0,0.0
-3.0,0.0
-2.0,1.0
-2.0,1.0
-4.0,7.0
-4.0,1.0
-2.0,1.0
-2.0,-2.0
-2.0,2.0
-3.0,1.0
-2.0,-3.0
-2.0,0.0
21.0,30.0
-5.0,1.0
14.0,26.0
-6.0,0.0
0.0,-2.0
-1.0,0.0
1.0,0.0
1.0,-1.0
-5.0,1.0
0.0,-3.0
1.0,0.0
1.0,1.0
3.0,-4.0
1.0,1.0
1.0,1.0
-11.0,0.0
-9.0,-1.0
-3.0,2.0
-1.0,-2.0
-3.0,4.0
-9.0,-1.0
-6.0,-2.0
1.0,-2.0
-30.0,30.0
0.0,0.0
1.0,-2.0
-2.0,0.0
-1.0,-1.0
-3.0,1.0
-3.0,-1.0
-2.0,2.0
0.0,-1.0
-1.0,-3.0
-10.0,-2.0
-1.0,-1.0
-2.0,-3.0
1.0,-1.0
-3.0,-1.0
2.0,-1.0
4.0,0.0
2.0,0.0
0.0,-3.0
-10.0,1.0
2.0,-2.0
2.0,0.0
-7.0,2.0
1.0,1.0
-5.0,2.0
-30.0,13.0
0.0,0.0
0.0,-1.0
-3.0,-1.0
-4.0,2.0
-1.0,0.0
-21.0,5.0
-1.0,-2.0
-2.0,2.0
-2.0,-1.0
0.0,1.0
-4.0,1.0
26.0,21.0
-1.0,0.0
-1.0,0.0
18.0,30.0
-3.0,0.0
-9.0,-4.0
-2.0,-1.0
-9.0,-3.0
-1.0,2.0
1.0,-1.0
-2.0,-5.0
4.0,0.0
0.0,-4.0
-2.0,2.0
-2.0,-2.0
1.0,-3.0
-3.0,-1.0
-1.0,1.0
1.0,0.0
-1.0,-3.0
0.0,0.0
-1.0,-3.0
2.0,-12.0
-2.0,4.0
2.0,5.0
-1.0,0.0
-30.0,25.0
1.0,-1.0
1.0,1.0
-2.0,0.0
1.0,-1.0
1.0,-1.0
0.0,-1.0
-1.0,0.0
-1.0,-1.0
0.0,-3.0
-3.0,1.0
-2.0,2.0
-2.0,1.0
1.0,-1.0
1.0,-2.0
-1.0,0.0
0.0,1.0
0.0,0.0
0.0,0.0
-30.0,9.0
-2.0,1.0
0.0,0.0
-3.0,2.0
-2.0,2.0
-5.0,2.0
-2.0,1.0
-6.0,4.0
1.0,0.0
2.0,1.0
-1.0,0.0
-6.0,2.0
2.0,-6.0
-1.0,0.0
0.0,-2.0
2.0,-1.0
-6.0,1.0
-5.0,2.0
-6.0,2.0
-4.0,0.0
-6.0,4.0
-2.0,-3.0
-3.0,1.0
-2.0,0.0
1.0,2.0
-1.0,7.0
0.0,1.0
-2.0,0.0
-13.0,6.0
-11.0,2.0
30.0,30.0
-2.0,2.0
18.0,22.0
0.0,-2.0
30.0,4.0
-1.0,2.0
30.0,8.0
-2.0,0.0
-4.0,2.0
-22.0,-1.0
0.0,-2.0
-6.0,2.0
-7.0,2.0
0.0,-1.0
-1.0,1.0
-1.0,3.0
2.0,-1.0
0.0,2.0
-1.0,-5.0
2.0,0.0
-2.0,0.0
1.0,0.0
-1.0,-5.0
1.0,-3.0
-6.0,3.0
-5.0,1.0
-2.0,2.0
-2.0,2.0
-1.0,1.0
0.0,1.0
-4.0,1.0
-1.0,0.0
-3.0,3.0
0.0,0.0
3.0,-1.0
0.0,-2.0
1.0,1.0
-4.0,0.0
-3.0,-2.0
-6.0,3.0
-1.0,1.0
-4.0,-1.0
1.0,-1.0
1.0,-2.0
-1.0,2.0
1.0,2.0
1.0,-1.0
-3.0,1.0
1.0,0.0
-1.0,1.0
1.0,1.0
-4.0,-6.0
-1.0,1.0
0.0,1.0
-2.0,2.0
-5.0,0.0
1.0,0.0
16.0,24.0
-1.0,-1.0
-1.0,1.0
0.0,-2.0
1.0,0.0
3.0,0.0
2.0,-1.0
30.0,17.0
2.0,0.0
-2.0,1.0
-1.0,-1.0
-1.0,1.0
0.0,1.0
2.0,1.0
-2.0,1.0
-2.0,0.0
-2.0,0.0
1.0,-1.0
1.0,0.0
0.0,1.0
-6.0,-1.0
3.0,-2.0
-2.0,-2.0
-5.0,2.0
0.0,-3.0
-4.0,28.0
-3.0,1.0
-2.0,0.0
0.0,0.0
-8.0,1.0
-7.0,0.0
-1.0,0.0
2.0,1.0
3.0,1.0
4.0,0.0
-1.0,-1.0
0.0,-12.0
-3.0,0.0
0.0,-3.0
-1.0,-3.0
-2.0,1.0
0.0,-2.0
5.0,-1.0
-9.0,2.0
1.0,-2.0
-9.0,3.0
-9.0,1.0
-2.0,1.0
4.0,0.0
-3.0,-3.0
-2.0,-3.0
-3.0,0.0
-1.0,-1.0
-1.0,-2.0
-6.0,1.0
0.0,-1.0
30.0,26.0
-3.0,4.0
-4.0,5.0
-2.0,0.0
2.0,2.0
4.0,-10.0
0.0,0.0
4.0,0.0
3.0,0.0
0.0,1.0
-6.0,5.0
29.0,-30.0
1.0,3.0
-30.0,1.0
30.0,30.0
-30.0,2.0
-4.0,1.0
0.0,-2.0
-11.0,3.0
0.0,1.0
1.0,1.0
0.0,-2.0
-8.0,3.0
-1.0,0.0
-5.0,-1.0
0.0,-2.0
-2.0,-1.0
-3.0,-2.0
-5.0,0.0
-9.0,30.0
-19.0,30.0
-6.0,-11.0
-10.0,30.0
-1.0,2.0
-1.0,2.0
1.0,0.0
1.0,1.0
-1.0,1.0
-1.0,0.0
1.0,-1.0
0.0,0.0
0.0,1.0
-1.0,-4.0
0.0,1.0
1.0,-2.0
-7.0,0.0
-3.0,-2.0
-4.0,-1.0
-8.0,0.0
-2.0,1.0
-12.0,0.0
-6.0,1.0
-2.0,0.0
-5.0,3.0
-1.0,0.0
-1.0,2.0
-1.0,-2.0
-4.0,2.0
-2.0,-1.0
-10.0,2.0
-3.0,0.0
2.0,0.0
-3.0,-2.0
-8.0,0.0
-10.0,1.0
-1.0,0.0
-13.0,1.0
-1.0,1.0
2.0,-1.0
-1.0,1.0
-2.0,1.0
-4.0,4.0
6.0,-1.0
-2.0,-1.0
-3.0,1.0
1.0,-2.0
1.0,0.0
0.0,-1.0
-2.0,2.0
0.0,0.0
-1.0,-2.0
-2.0,0.0
-6.0,5.0
-3.0,0.0
-2.0,-1.0
-15.0,3.0
-2.0,-1.0
-2.0,0.0
-3.0,-10.0
-1.0,-5.0
-2.0,3.0
-1.0,2.0
-2.0,0.0
0.0,0.0
-7.0,1.0
3.0,0.0
-4.0,2.0
-2.0,1.0
-4.0,2.0
-2.0,-1.0
-4.0,1.0
0.0,0.0
30.0,30.0
-2.0,0.0
-5.0,1.0
1.0,1.0
-1.0,-3.0
-4.0,-5.0
-12.0,30.0
0.0,-3.0
0.0,4.0
-1.0,-2.0
-1.0,-3.0
0.0,-4.0
2.0,0.0
1.0,1.0
0.0,-1.0
-2.0,0.0
-5.0,0.0
-2.0,-1.0
-6.0,1.0
-8.0,2.0
-6.0,4.0
-3.0,0.0
-3.0,-2.0
0.0,-1.0
30.0,14.0
-3.0,1.0
-2.0,0.0
2.0,0.0
30.0,18.0
0.0,-1.0
3.0,-1.0
1.0,-2.0
2.0,1.0
-3.0,0.0
28.0,28.0
-2.0,-3.0
-2.0,0.0
30.0,14.0
1.0,1.0
-2.0,2.0
-6.0,1.0
-3.0,2.0
-3.0,0.0
-2.0,3.0
-1.0,0.0
-3.0,0.0
-1.0,1.0
-1.0,0.0
-2.0,1.0
-2.0,1.0
-2.0,1.0
29.0,30.0
-2.0,2.0
0.0,-3.0
-1.0,0.0
-1.0,1.0
-1.0,0.0
-2.0,1.0
0.0,0.0
-2.0,-2.0
0.0,-1.0
-1.0,1.0
-2.0,1.0
-2.0,-3.0
-3.0,-5.0
-3.0,-1.0
-3.0,-1.0
-1.0,-1.0
-7.0,-5.0
-1.0,0.0
-4.0,2.0
-6.0,1.0
-14.0,4.0
-5.0,1.0
-1.0,-1.0
1.0,0.0
2.0,0.0
1.0,0.0
0.0,0.0
-2.0,1.0
-2.0,-1.0
-9.0,1.0
2.0,-2.0
-3.0,-2.0
-4.0,2.0
-1.0,-3.0
-2.0,-1.0
-4.0,-4.0
-2.0,0.0
-3.0,1.0
0.0,0.0
-1.0,-1.0
-5.0,-2.0
-7.0,-3.0
30.0,-30.0
0.0,-1.0
-4.0,2.0
0.0,-1.0
0.0,-3.0
0.0,-1.0
2.0,0.0
1.0,-1.0
0.0,0.0
1.0,0.0
5.0,2.0
3.0,0.0
3.0,2.0
30.0,10.0
-2.0,2.0
-1.0,-1.0
0.0,1.0
1.0,0.0
0.0,1.0
0.0,3.0
-1.0,0.0
-3.0,2.0
-1.0,1.0
2.0,0.0
1.0,3.0
-2.0,4.0
-2.0,-2.0
0.0,-1.0
-1.0,1.0
1.0,0.0
-5.0,-12.0
20.0,4.0
-5.0,3.0
-11.0,4.0
-18.0,4.0
-2.0,3.0
0.0,1.0
4.0,2.0
-4.0,2.0
-4.0,2.0
2.0,-1.0
4.0,-5.0
5.0,-4.0
3.0,1.0
-5.0,-1.0
-3.0,3.0
2.0,0.0
-1.0,3.0
-1.0,3.0
-1.0,-2.0
-5.0,2.0
-3.0,1.0
-1.0,-1.0
-1.0,1.0
-9.0,2.0
-11.0,2.0
-8.0,-1.0
0.0,0.0
-6.0,-1.0
-3.0,2.0
0.0,0.0
1.0,-1.0
0.0,-1.0
1.0,-4.0
0.0,1.0
-3.0,-1.0
-3.0,2.0
0.0,0.0
4.0,-1.0
2.0,2.0
4.0,-1.0
2.0,0.0
30.0,30.0
-6.0,0.0
30.0,3.0
0.0,-1.0
-3.0,0.0
-1.0,1.0
-1.0,2.0
-1.0,2.0
0.0,-2.0
27.0,27.0
3.0,-2.0
-1.0,2.0
3.0,0.0
-30.0,30.0
-4.0,4.0
-2.0,3.0
-2.0,0.0
-4.0,4.0
2.0,-2.0
2.0,-12.0
3.0,-1.0
2.0,-3.0
2.0,-1.0
-9.0,2.0
-7.0,3.0
-5.0,3.0
-1.0,0.0
1.0,1.0
-4.0,4.0
-4.0,-1.0
1.0,-4.0
-4.0,2.0
-5.0,0.0
-8.0,2.0
-3.0,2.0
-1.0,-2.0
-8.0,2.0
-6.0,2.0
0.0,2.0
-12.0,3.0
-2.0,0.0
1.0,-1.0
-27.0,2.0
2.0,-1.0
4.0,-1.0
-1.0,1.0
-3.0,-1.0
2.0,-2.0
2.0,-1.0
2.0,-3.0
4.0,-1.0
3.0,0.0
2.0,-1.0
0.0,0.0
-30.0,8.0
-1.0,1.0
-1.0,-1.0
-1.0,-1.0
2.0,-1.0
2.0,-1.0
1.0,-1.0
24.0,23.0
0.0,-1.0
30.0,19.0
2.0,-1.0
-2.0,0.0
-1.0,0.0
-3.0,1.0
-2.0,1.0
26.0,14.0
-2.0,2.0
-1.0,1.0
2.0,-1.0
0.0,-9.0
0.0,-9.0
1.0,-1.0
3.0,0.0
3.0,-1.0
-2.0,1.0
-2.0,0.0
-3.0,6.0
21.0,30.0
0.0,-1.0
-1.0,1.0
-3.0,-2.0
0.0,-2.0
-2.0,0.0
-2.0,0.0
-2.0,-2.0
-3.0,1.0
-3.0,1.0
0.0,-1.0
-3.0,0.0
2.0,1.0
-5.0,5.0
0.0,4.0
-2.0,-10.0
-3.0,4.0
1.0,-1.0
0.0,-1.0
0.0,-1.0
1.0,-1.0
-3.0,5.0
-10.0,4.0
-1.0,5.0
-11.0,9.0
-1.0,6.0
28.0,26.0
0.0,1.0
30.0,12.0
-23.0,27.0
0.0,1.0
30.0,-30.0
30.0,-30.0
-2.0,0.0
-1.0,0.0
-2.0,1.0
1.0,-1.0
-8.0,4.0
-1.0,2.0
27.0,17.0
0.0,-1.0
-7.0,1.0
2.0,1.0
2.0,-1.0
-1.0,1.0
-2.0,2.0
1.0,1.0
0.0,2.0
-2.0,3.0
-1.0,0.0
0.0,1.0
-5.0,3.0
-5.0,8.0
-5.0,4.0
-6.0,1.0
-3.0,2.0
3.0,7.0
1.0,1.0
-2.0,3.0
1.0,1.0
1.0,0.0
-1.0,1.0
-22.0,30.0
-7.0,4.0
-5.0,4.0
-29.0,1.0
-1.0,1.0
-2.0,0.0
-3.0,1.0
-3.0,-1.0
-2.0,2.0
-3.0,-1.0
-10.0,-3.0
-2.0,-1.0
-2.0,0.0
-2.0,-1.0
-30.0,30.0
0.0,0.0
-2.0,1.0
-2.0,2.0
4.0,-1.0
0.0,-1.0
1.0,2.0
-1.0,2.0
-1.0,-1.0
4.0,0.0
2.0,-7.0
5.0,-1.0
4.0,0.0
-2.0,0.0
0.0,2.0
4.0,0.0
-2.0,2.0
-3.0,2.0
0.0,-2.0
0.0,0.0
-1.0,0.0
-4.0,1.0
-1.0,-1.0
-2.0,-2.0
-2.0,0.0
-2.0,1.0
-1.0,1.0
0.0,-3.0
0.0,-1.0
-2.0,1.0
-4.0,-2.0
-3.0,4.0
-8.0,11.0
-2.0,-3.0
-4.0,-1.0
0.0,-1.0
-6.0,-1.0
-6.0,4.0
1.0,1.0
0.0,-1.0
-6.0,4.0
-1.0,1.0
-1.0,-3.0
-2.0,0.0
-3.0,2.0
1.0,-1.0
-2.0,0.0
0.0,-1.0
-2.0,0.0
-1.0,0.0
-5.0,1.0
0.0,-1.0
-8.0,1.0
-6.0,-5.0
-3.0,-1.0
-2.0,2.0
-5.0,-1.0
-1.0,1.0
-2.0,1.0
-14.0,1.0
-2.0,2.0
-8.0,1.0
-5.0,-1.0
-4.0,2.0
-1.0,1.0
-4.0,2.0
-4.0,0.0
-24.0,30.0
-9.0,0.0
0.0,-1.0
1.0,-3.0
0.0,-1.0
0.0,0.0
0.0,-1.0
-1.0,0.0
-1.0,0.0
2.0,-1.0
1.0,0.0
-3.0,-1.0
0.0,-2.0
-1.0,-1.0
-1.0,-1.0
0.0,2.0
0.0,-2.0
0.0,-1.0
0.0,-1.0
-4.0,0.0
-2.0,-2.0
2.0,-1.0
-4.0,-1.0
-3.0,-3.0
0.0,-3.0
-1.0,0.0
-3.0,0.0
-3.0,-2.0
-8.0,-2.0
-1.0,-1.0
-1.0,-1.0
-4.0,2.0
-4.0,0.0
-4.0,2.0
0.0,0.0
-1.0,-1.0
0.0,-1.0
-1.0,2.0
3.0,0.0
-11.0,-2.0
-5.0,-1.0
-10.0,0.0
0.0,-2.0
-2.0,-9.0
0.0,0.0
-1.0,-7.0
-6.0,2.0
-5.0,1.0
-6.0,2.0
-4.0,-1.0
-2.0,0.0
-3.0,0.0
-4.0,-1.0
-6.0,4.0
-1.0,1.0
-2.0,-1.0
-2.0,-1.0
-1.0,1.0
1.0,0.0
-1.0,0.0
-2.0,-2.0
-1.0,3.0
-2.0,2.0
0.0,0.0
1.0,-1.0
-7.0,0.0
0.0,0.0
1.0,-1.0
-2.0,-2.0
-5.0,-2.0
-3.0,-2.0
-4.0,-1.0
0.0,-1.0
1.0,-1.0
1.0,1.0
2.0,1.0
-2.0,-1.0
-3.0,0.0
-4.0,2.0
-8.0,5.0
-5.0,7.0
-4.0,1.0
-5.0,1.0
0.0,1.0
-5.0,0.0
-3.0,2.0
-7.0,1.0
-5.0,2.0
-3.0,-1.0
2.0,1.0
0.0,-2.0
1.0,-7.0
-1.0,-3.0
-1.0,-1.0
-1.0,-3.0
-3.0,0.0
-5.0,3.0
-6.0,3.0
-2.0,-2.0
-3.0,-2.0
-7.0,0.0
-3.0,1.0
-4.0,1.0
-4.0,4.0
-4.0,4.0
1.0,1.0
-1.0,2.0
-5.0,-2.0
-4.0,-3.0
0.0,1.0
-4.0,1.0
-1.0,-1.0
0.0,1.0
-2.0,0.0
-9.0,1.0
-9.0,6.0
-9.0,8.0
-4.0,2.0
-7.0,4.0
-8.0,2.0
-1.0,0.0
-5.0,4.0
-3.0,1.0
-2.0,0.0
-3.0,1.0
-7.0,-1.0
-11.0,4.0
0.0,1.0
-1.0,-2.0
-2.0,-4.0
-3.0,-4.0
-4.0,-1.0
-3.0,-4.0
-3.0,0.0
-3.0,1.0
-1.0,1.0
-3.0,2.0
0.0,0.0
-1.0,-1.0
-3.0,-1.0
-6.0,2.0
-1.0,-1.0
0.0,-2.0
0.0,0.0
-2.0,-2.0
-3.0,2.0
0.0,0.0
1.0,-1.0
-1.0,-4.0
0.0,1.0
0.0,0.0
0.0,1.0
-4.0,1.0
-7.0,3.0
-3.0,1.0
-2.0,2.0
-1.0,-1.0
1.0,1.0
-1.0,-1.0
-4.0,2.0
-5.0,-1.0
-6.0,3.0
1.0,1.0
0.0,0.0
0.0,-1.0
-2.0,0.0
-1.0,1.0
-1.0,3.0
-2.0,1.0
-3.0,1.0
-2.0,2.0
-3.0,1.0
1.0,-1.0
-1.0,1.0
2.0,0.0
1.0,-1.0
0.0,1.0
10.0,-7.0
-4.0,1.0
-5.0,-1.0
0.0,0.0
-6.0,1.0
0.0,1.0
0.0,-1.0
1.0,0.0
0.0,2.0
-1.0,0.0
-1.0,-1.0
1.0,0.0
1.0,-2.0
0.0,-1.0
0.0,0.0
-1.0,0.0
-1.0,2.0
-2.0,-2.0
-2.0,-2.0
0.0,-5.0
-2.0,-3.0
5.0,30.0
11.0,30.0
-1.0,-1.0
3.0,-2.0
2.0,0.0
0.0,-4.0
3.0,1.0
2.0,0.0
0.0,2.0
-10.0,1.0
0.0,-2.0
-2.0,2.0
-2.0,1.0
-13.0,30.0
0.0,-2.0
2.0,-1.0
1.0,0.0
3.0,-1.0
2.0,-1.0
0.0,1.0
-9.0,1.0
-2.0,0.0
4.0,-1.0
-2.0,-1.0
0.0,0.0
-1.0,-1.0
-4.0,-1.0
-3.0,-1.0
0.0,1.0
-3.0,-1.0
-2.0,1.0
-1.0,3.0
-1.0,-1.0
0.0,1.0
1.0,1.0
1.0,2.0
1.0,0.0
1.0,-3.0
1.0,0.0
-25.0,14.0
5.0,0.0
4.0,-1.0
-1.0,-1.0
-1.0,2.0
-2.0,0.0
-1.0,-4.0
5.0,-1.0
-27.0,-2.0
-9.0,9.0
-3.0,3.0
-2.0,0.0
-2.0,-2.0
1.0,1.0
-1.0,1.0
-5.0,0.0
-1.0,0.0
-3.0,-1.0
-3.0,3.0
0.0,-2.0
-3.0,0.0
-7.0,30.0
0.0,-13.0
3.0,-10.0
2.0,2.0
3.0,1.0
0.0,-1.0
-1.0,0.0
2.0,1.0
-2.0,3.0
2.0,0.0
0.0,3.0
3.0,0.0
4.0,-1.0
0.0,0.0
0.0,1.0
-5.0,6.0
1.0,-1.0
1.0,-3.0
-1.0,0.0
1.0,-1.0
-1.0,0.0
1.0,0.0
-1.0,1.0
1.0,0.0
0.0,0.0
-2.0,0.0
2.0,2.0
-5.0,30.0
-5.0,27.0
-2.0,1.0
-11.0,-1.0
-10.0,-1.0
-3.0,2.0
2.0,0.0
2.0,2.0
2.0,-1.0
4.0,-7.0
-2.0,-6.0
-1.0,-2.0
-1.0,-1.0
2.0,1.0
3.0,0.0
-6.0,1.0
-2.0,0.0
-4.0,2.0
-9.0,4.0
-8.0,1.0
-2.0,2.0
-14.0,6.0
-2.0,1.0
-4.0,2.0
-5.0,-1.0
-2.0,-1.0
-2.0,2.0
2.0,-1.0
-1.0,-2.0
-2.0,-2.0
0.0,-6.0
-1.0,1.0
-2.0,-2.0
3.0,0.0
-4.0,-2.0
-2.0,-3.0
-3.0,-1.0
-1.0,-1.0
1.0,1.0
2.0,-9.0
-13.0,30.0
0.0,-7.0
-4.0,30.0
-1.0,0.0
-3.0,-9.0
25.0,4.0
1.0,0.0
-3.0,2.0
30.0,11.0
-2.0,2.0
-3.0,1.0
-10.0,1.0
-4.0,0.0
-11.0,2.0
-1.0,1.0
0.0,-1.0
-1.0,1.0
1.0,-1.0
5.0,-1.0
2.0,0.0
23.0,22.0
-1.0,0.0
-6.0,3.0
-5.0,-2.0
-2.0,-1.0
1.0,-1.0
1.0,-1.0
-1.0,0.0
-7.0,30.0
8.0,0.0
-10.0,29.0
3.0,1.0
0.0,-3.0
1.0,0.0
1.0,-3.0
-2.0,0.0
0.0,0.0
0.0,0.0
-1.0,1.0
-1.0,2.0
-3.0,1.0
3.0,0.0
-1.0,-1.0
-4.0,-2.0
8.0,-1.0
0.0,0.0
-4.0,-2.0
-2.0,3.0
-2.0,1.0
0.0,0.0
-1.0,0.0
9.0,0.0
9.0,0.0
2.0,0.0
-22.0,30.0
-1.0,0.0
-1.0,0.0
3.0,0.0
-3.0,0.0
1.0,-1.0
-3.0,-2.0
-2.0,0.0
0.0,0.0
-1.0,2.0
0.0,1.0
-3.0,1.0
-2.0,0.0
11.0,0.0
-10.0,1.0
3.0,1.0
-21.0,30.0
-1.0,0.0
24.0,1.0
-12.0,3.0
0.0,-4.0
0.0,1.0
-1.0,0.0
-1.0,0.0
5.0,0.0
-4.0,-4.0
-2.0,-1.0
0.0,0.0
-1.0,1.0
-1.0,-1.0
0.0,0.0
-3.0,1.0
-2.0,1.0
0.0,0.0
-10.0,6.0
2.0,0.0
0.0,-3.0
-1.0,1.0
0.0,-1.0
0.0,-1.0
-3.0,-1.0
-4.0,-4.0
-6.0,-2.0
-2.0,-5.0
-3.0,-4.0
-4.0,-2.0
-5.0,2.0
-2.0,-2.0
-3.0,2.0
-1.0,0.0
-5.0,2.0
-3.0,2.0
-1.0,0.0
-1.0,0.0
0.0,-2.0
-1.0,0.0
1.0,0.0
-1.0,1.0
5.0,1.0
6.0,0.0
6.0,1.0
1.0,1.0
0.0,2.0
-3.0,1.0
-1.0,1.0
1.0,-1.0
-2.0,-2.0
-1.0,-3.0
-1.0,1.0
-1.0,-2.0
-2.0,-4.0
-1.0,0.0
-1.0,-2.0
-7.0,-1.0
0.0,-2.0
-2.0,-1.0
-1.0,-3.0
0.0,0.0
3.0,1.0
-4.0,-15.0
-30.0,0.0
10.0,20.0
-17.0,6.0
-1.0,1.0
-1.0,0.0
1.0,0.0
-4.0,30.0
1.0,1.0
0.0,-2.0
4.0,-2.0
0.0,0.0
2.0,-8.0
3.0,1.0
-1.0,-1.0
2.0,0.0
7.0,2.0
0.0,0.0
0.0,1.0
-5.0,6.0
1.0,1.0
3.0,0.0
0.0,1.0
1.0,1.0
-5.0,0.0
-4.0,1.0
0.0,2.0
-4.0,2.0
2.0,2.0
-9.0,-1.0
-3.0,1.0
-1.0,0.0
-1.0,-3.0
-2.0,3.0
-2.0,0.0
-2.0,1.0
-1.0,2.0
2.0,1.0
1.0,1.0
0.0,1.0
1.0,5.0
0.0,0.0
0.0,-1.0
9.0,-2.0
10.0,-1.0
9.0,-3.0
3.0,0.0
-1.0,1.0
-2.0,2.0
-2.0,0.0
0.0,1.0
0.0,2.0
0.0,0.0
-3.0,-2.0
-8.0,0.0
-4.0,2.0
-1.0,1.0
-3.0,1.0
-4.0,-14.0
-3.0,-14.0
-5.0,-1.0
1.0,1.0
-4.0,0.0
1.0,-2.0
0.0,2.0
-1.0,0.0
-2.0,-1.0
0.0,1.0
0.0,2.0
-6.0,0.0
1.0,0.0
0.0,-3.0
-4.0,1.0
-5.0,-1.0
-5.0,1.0
-5.0,0.0
-5.0,3.0
0.0,-1.0
0.0,0.0
-8.0,-4.0
-4.0,4.0
-5.0,5.0
1.0,1.0
0.0,3.0
0.0,0.0
-11.0,7.0
-11.0,4.0
-12.0,8.0
-10.0,3.0
1.0,-1.0
-1.0,1.0
-1.0,2.0
-10.0,3.0
-2.0,-1.0
-4.0,0.0
-3.0,0.0
-4.0,0.0
-5.0,2.0
-3.0,0.0
-2.0,-2.0
-4.0,1.0
-1.0,-1.0
-3.0,-1.0
-1.0,-5.0
0.0,0.0
-1.0,1.0
0.0,-1.0
-2.0,0.0
-5.0,5.0
0.0,-2.0
1.0,0.0
-1.0,1.0
-1.0,0.0
1.0,0.0
1.0,-2.0
-1.0,0.0
-1.0,0.0
-3.0,-2.0
-2.0,0.0
-10.0,1.0
-6.0,1.0
0.0,-2.0
0.0,-1.0
0.0,-1.0
-6.0,3.0
-1.0,0.0
1.0,1.0
-2.0,-1.0
0.0,0.0
-4.0,3.0
-6.0,5.0
-1.0,0.0
2.0,0.0
0.0,-2.0
1.0,-1.0
-2.0,1.0
-1.0,0.0
-1.0,0.0
-2.0,0.0
-4.0,2.0
-1.0,1.0
0.0,2.0
5.0,-6.0
-6.0,-11.0
0.0,0.0
3.0,-3.0
-4.0,-1.0
-2.0,2.0
-1.0,3.0
-2.0,-3.0
-2.0,1.0
-11.0,5.0
-7.0,6.0
-9.0,4.0
-4.0,-2.0
-7.0,2.0
-3.0,-1.0
-7.0,0.0
-20.0,6.0
-2.0,-3.0
-2.0,0.0
-30.0,5.0
-1.0,-2.0
-1.0,-2.0
-3.0,1.0
-1.0,1.0
-4.0,-1.0
-13.0,6.0
-6.0,4.0
0.0,0.0
0.0,2.0
-1.0,0.0
0.0,0.0
1.0,-1.0
-2.0,2.0
-12.0,3.0
-8.0,4.0
-7.0,2.0
0.0,1.0
-4.0,3.0
-6.0,4.0
-5.0,3.0
-5.0,1.0
1.0,-1.0
-1.0,-2.0
-1.0,1.0
-2.0,2.0
-2.0,-1.0
-2.0,-3.0
-3.0,2.0
