3.0,-1.0
1.0,0.0
1.0,0.0
3.0,-1.0
2.0,-2.0
2.0,-1.0
0.0,1.0
1.0,2.0
1.0,2.0
5.0,-1.0
5.0,-1.0
1.0,0.0
0.0,-1.0
3.0,2.0
0.0,1.0
0.0,1.0
0.0,0.0
2.0,0.0
2.0,0.0
2.0,1.0
1.0,0.0
1.0,0.0
0.0,0.0
0.0,0.0
1.0,1.0
1.0,1.0
1.0,-1.0
1.0,-1.0
0.0,0.0
2.0,-1.0
1.0,0.0
3.0,-1.0
2.0,-1.0
2.0,0.0
2.0,1.0
1.0,-1.0
0.0,0.0
0.0,0.0
3.0,-3.0
1.0,-2.0
1.0,-2.0
0.0,0.0
1.0,0.0
2.0,-1.0
0.0,2.0
1.0,2.0
2.0,0.0
2.0,-1.0
1.0,0.0
1.0,0.0
1.0,0.0
2.0,1.0
1.0,0.0
0.0,1.0
30.0,9.0
-4.0,0.0
-2.0,-1.0
-7.0,-2.0
-7.0,0.0
0.0,0.0
3.0,0.0
2.0,0.0
2.0,-1.0
2.0,0.0
2.0,0.0
-2.0,0.0
1.0,0.0
4.0,1.0
1.0,1.0
2.0,1.0
2.0,-1.0
2.0,-2.0
-1.0,-1.0
-1.0,0.0
1.0,1.0
1.0,1.0
2.0,-1.0
1.0,0.0
1.0,-1.0
1.0,1.0
1.0,0.0
1.0,1.0
0.0,0.0
0.0,1.0
1.0,1.0
0.0,0.0
0.0,-1.0
1.0,-1.0
1.0,-1.0
0.0,-1.0
1.0,-1.0
1.0,0.0
1.0,1.0
2.0,1.0
4.0,-1.0
2.0,0.0
2.0,0.0
0.0,0.0
-1.0,2.0
-1.0,1.0
-1.0,0.0
0.0,1.0
0.0,0.0
0.0,1.0
0.0,0.0
0.0,0.0
0.0,0.0
0.0,0.0
0.0,0.0
-1.0,1.0
-2.0,1.0
2.0,0.0
3.0,-2.0
1.0,-2.0
0.0,1.0
2.0,-1.0
1.0,0.0
2.0,-1.0
1.0,0.0
3.0,0.0
3.0,0.0
0.0,-1.0
2.0,-1.0
0.0,0.0
-1.0,1.0
3.0,-1.0
2.0,0.0
0.0,1.0
-1.0,1.0
-1.0,0.0
1.0,-2.0
1.0,-2.0
1.0,-1.0
-1.0,-1.0
2.0,-2.0
2.0,0.0
0.0,0.0
-1.0,0.0
0.0,0.0
1.0,-8.0
0.0,1.0
0.0,0.0
0.0,1.0
0.0,0.0
0.0,-2.0
1.0,-1.0
1.0,-2.0
0.0,0.0
0.0,-1.0
1.0,1.0
1.0,2.0
2.0,0.0
2.0,1.0
3.0,1.0
1.0,2.0
-1.0,1.0
1.0,0.0
0.0,0.0
0.0,0.0
1.0,0.0
1.0,0.0
1.0,0.0
2.0,-1.0
0.0,-1.0
0.0,-1.0
0.0,-1.0
1.0,-1.0
0.0,-1.0
1.0,0.0
-1.0,0.0
-1.0,1.0
-1.0,0.0
-2.0,2.0
-1.0,1.0
3.0,-1.0
-1.0,1.0
1.0,-1.0
0.0,0.0
2.0,0.0
2.0,-1.0
2.0,-2.0
0.0,0.0
-1.0,-2.0
0.0,-1.0
0.0,-1.0
1.0,0.0
2.0,0.0
1.0,-1.0
0.0,-2.0
1.0,1.0
1.0,0.0
2.0,0.0
2.0,0.0
0.0,0.0
1.0,-1.0
2.0,0.0
1.0,1.0
0.0,0.0
-1.0,1.0
0.0,-1.0
2.0,-1.0
0.0,-1.0
-1.0,3.0
0.0,3.0
1.0,0.0
-1.0,1.0
0.0,2.0
0.0,1.0
-3.0,0.0
1.0,1.0
1.0,1.0
-1.0,2.0
0.0,2.0
-1.0,2.0
1.0,2.0
1.0,1.0
2.0,-1.0
2.0,0.0
3.0,1.0
3.0,0.0
2.0,-1.0
3.0,-2.0
1.0,0.0
1.0,-1.0
0.0,-1.0
-1.0,1.0
1.0,2.0
1.0,3.0
-1.0,1.0
0.0,-1.0
-1.0,0.0
0.0,-2.0
0.0,-1.0
0.0,-1.0
0.0,1.0
0.0,0.0
0.0,1.0
0.0,0.0
1.0,-1.0
2.0,-1.0
0.0,2.0
-1.0,0.0
0.0,0.0
1.0,1.0
0.0,0.0
1.0,-1.0
2.0,0.0
0.0,11.0
-1.0,0.0
3.0,2.0
26.0,20.0
2.0,1.0
27.0,20.0
-28.0,-1.0
0.0,0.0
1.0,-1.0
1.0,0.0
0.0,1.0
-1.0,1.0
0.0,-1.0
-1.0,-1.0
0.0,0.0
3.0,-1.0
3.0,-1.0
0.0,1.0
2.0,-1.0
0.0,0.0
-1.0,1.0
1.0,-1.0
-1.0,1.0
1.0,-1.0
2.0,0.0
2.0,0.0
3.0,0.0
2.0,-1.0
1.0,-1.0
2.0,-1.0
1.0,-2.0
0.0,-1.0
1.0,-2.0
1.0,-2.0
2.0,-1.0
3.0,-1.0
3.0,0.0
-1.0,0.0
0.0,0.0
1.0,0.0
0.0,0.0
1.0,-1.0
1.0,0.0
2.0,-1.0
0.0,0.0
2.0,-1.0
0.0,0.0
4.0,1.0
2.0,-1.0
2.0,0.0
2.0,0.0
0.0,1.0
2.0,0.0
1.0,1.0
0.0,2.0
0.0,1.0
1.0,2.0
0.0,0.0
0.0,-2.0
0.0,-2.0
0.0,-2.0
0.0,0.0
1.0,-1.0
2.0,0.0
4.0,-2.0
0.0,-1.0
1.0,-3.0
0.0,0.0
0.0,-3.0
-2.0,0.0
1.0,-2.0
1.0,-3.0
0.0,-1.0
1.0,-2.0
0.0,0.0
0.0,-1.0
-1.0,2.0
3.0,-1.0
0.0,-1.0
0.0,-1.0
0.0,-1.0
-1.0,1.0
0.0,1.0
-1.0,0.0
1.0,0.0
2.0,-1.0
-2.0,0.0
0.0,-1.0
1.0,0.0
0.0,1.0
1.0,2.0
0.0,3.0
-1.0,1.0
0.0,2.0
0.0,2.0
0.0,-1.0
-1.0,1.0
1.0,1.0
1.0,0.0
0.0,1.0
1.0,1.0
1.0,2.0
0.0,1.0
2.0,-2.0
1.0,-2.0
1.0,-1.0
1.0,-1.0
1.0,0.0
1.0,0.0
3.0,-2.0
1.0,0.0
2.0,-1.0
2.0,-1.0
0.0,0.0
0.0,1.0
2.0,-1.0
0.0,0.0
-2.0,1.0
0.0,0.0
-1.0,0.0
0.0,0.0
0.0,1.0
1.0,0.0
1.0,1.0
0.0,1.0
1.0,0.0
2.0,0.0
1.0,0.0
2.0,-1.0
15.0,30.0
1.0,1.0
1.0,-1.0
0.0,-1.0
-2.0,-1.0
2.0,2.0
1.0,0.0
1.0,0.0
3.0,-2.0
2.0,-2.0
1.0,-1.0
1.0,-2.0
1.0,-2.0
2.0,-2.0
0.0,0.0
2.0,0.0
2.0,-1.0
0.0,0.0
2.0,-1.0
1.0,-1.0
1.0,0.0
1.0,0.0
0.0,-1.0
0.0,-1.0
-1.0,1.0
0.0,-1.0
-1.0,-1.0
0.0,1.0
-1.0,0.0
1.0,0.0
1.0,-1.0
0.0,0.0
-1.0,1.0
1.0,1.0
0.0,1.0
0.0,1.0
0.0,1.0
-1.0,0.0
1.0,1.0
0.0,-1.0
1.0,-1.0
0.0,1.0
2.0,-1.0
1.0,-2.0
0.0,0.0
0.0,0.0
1.0,0.0
0.0,-1.0
0.0,1.0
1.0,0.0
1.0,0.0
0.0,-1.0
0.0,0.0
1.0,1.0
-1.0,1.0
2.0,-1.0
1.0,-1.0
0.0,1.0
1.0,2.0
0.0,-1.0
-4.0,-2.0
3.0,0.0
1.0,2.0
1.0,1.0
1.0,1.0
1.0,1.0
1.0,-1.0
1.0,0.0
1.0,0.0
0.0,1.0
0.0,0.0
-2.0,0.0
-1.0,2.0
-1.0,1.0
1.0,1.0
1.0,2.0
1.0,0.0
1.0,0.0
1.0,1.0
0.0,1.0
1.0,-1.0
1.0,-1.0
-1.0,1.0
3.0,-1.0
4.0,-1.0
3.0,-1.0
3.0,0.0
2.0,0.0
3.0,-1.0
-1.0,-1.0
0.0,-1.0
0.0,-1.0
1.0,-1.0
0.0,1.0
-1.0,1.0
0.0,0.0
-2.0,2.0
1.0,0.0
-2.0,0.0
-2.0,2.0
1.0,1.0
-1.0,2.0
0.0,1.0
0.0,2.0
-1.0,1.0
-1.0,1.0
-1.0,1.0
0.0,-2.0
0.0,-2.0
0.0,-1.0
2.0,1.0
0.0,1.0
1.0,0.0
0.0,-1.0
1.0,-1.0
-1.0,-1.0
0.0,-1.0
-1.0,-1.0
0.0,-1.0
2.0,-1.0
4.0,-1.0
2.0,0.0
3.0,-1.0
2.0,0.0
4.0,1.0
2.0,-1.0
1.0,0.0
0.0,0.0
0.0,0.0
0.0,-1.0
0.0,1.0
-1.0,1.0
1.0,0.0
1.0,-1.0
1.0,-1.0
-1.0,-1.0
-2.0,0.0
-1.0,1.0
1.0,-1.0
-1.0,-1.0
2.0,-3.0
1.0,1.0
-2.0,0.0
-2.0,1.0
3.0,-2.0
1.0,0.0
0.0,0.0
0.0,-1.0
1.0,0.0
6.0,-3.0
1.0,1.0
-4.0,-14.0
3.0,-1.0
-2.0,-14.0
-4.0,-14.0
1.0,-1.0
0.0,1.0
1.0,1.0
0.0,1.0
1.0,1.0
1.0,1.0
1.0,2.0
-2.0,0.0
0.0,0.0
0.0,1.0
-1.0,0.0
7.0,-1.0
6.0,1.0
1.0,-1.0
1.0,0.0
1.0,0.0
0.0,-2.0
0.0,-2.0
0.0,-2.0
28.0,2.0
2.0,0.0
26.0,-1.0
2.0,0.0
1.0,0.0
2.0,0.0
0.0,0.0
1.0,-3.0
3.0,-2.0
3.0,-2.0
1.0,-1.0
1.0,-1.0
1.0,-1.0
0.0,1.0
0.0,1.0
-1.0,0.0
1.0,-1.0
2.0,-1.0
2.0,0.0
2.0,0.0
2.0,1.0
2.0,-1.0
1.0,-3.0
0.0,0.0
1.0,-1.0
2.0,-1.0
3.0,0.0
2.0,-1.0
2.0,-3.0
0.0,0.0
-8.0,-4.0
29.0,3.0
2.0,3.0
3.0,1.0
1.0,1.0
0.0,0.0
1.0,0.0
1.0,1.0
1.0,1.0
2.0,0.0
1.0,1.0
1.0,-3.0
1.0,-2.0
2.0,-3.0
0.0,-2.0
0.0,-1.0
-1.0,0.0
3.0,0.0
1.0,-1.0
2.0,-2.0
1.0,-2.0
2.0,-3.0
-1.0,-3.0
2.0,2.0
1.0,2.0
0.0,-2.0
0.0,-2.0
0.0,-1.0
1.0,0.0
2.0,-1.0
1.0,-1.0
3.0,-1.0
1.0,-2.0
2.0,-1.0
4.0,-3.0
0.0,-1.0
4.0,-1.0
0.0,-1.0
3.0,0.0
2.0,0.0
2.0,-1.0
1.0,-2.0
1.0,-1.0
0.0,0.0
0.0,-1.0
1.0,-1.0
1.0,0.0
0.0,0.0
1.0,-1.0
1.0,-1.0
2.0,-2.0
1.0,-1.0
-2.0,1.0
0.0,0.0
0.0,0.0
0.0,0.0
0.0,0.0
-1.0,0.0
0.0,-1.0
3.0,-2.0
2.0,-2.0
0.0,0.0
1.0,0.0
1.0,-1.0
4.0,0.0
2.0,0.0
3.0,1.0
-1.0,1.0
-2.0,1.0
2.0,-4.0
3.0,-2.0
2.0,-2.0
-1.0,0.0
0.0,0.0
2.0,-3.0
2.0,-4.0
2.0,-2.0
0.0,-2.0
0.0,1.0
3.0,-1.0
1.0,1.0
2.0,0.0
1.0,-2.0
-1.0,-2.0
2.0,-1.0
1.0,-1.0
4.0,0.0
-1.0,0.0
-2.0,-1.0
-1.0,-2.0
1.0,-2.0
1.0,1.0
2.0,1.0
2.0,-2.0
-1.0,-1.0
-1.0,-1.0
0.0,0.0
0.0,-1.0
0.0,0.0
-1.0,-1.0
0.0,-1.0
1.0,-2.0
5.0,-1.0
3.0,1.0
1.0,0.0
1.0,-1.0
-2.0,2.0
2.0,-1.0
30.0,2.0
29.0,1.0
1.0,0.0
1.0,0.0
0.0,0.0
0.0,0.0
1.0,0.0
1.0,0.0
1.0,0.0
0.0,-1.0
1.0,-1.0
2.0,0.0
2.0,0.0
-3.0,1.0
3.0,-2.0
5.0,0.0
2.0,-2.0
-1.0,0.0
-4.0,0.0
3.0,0.0
-2.0,-1.0
1.0,2.0
1.0,1.0
2.0,1.0
-30.0,30.0
3.0,-1.0
1.0,-1.0
26.0,30.0
28.0,25.0
-3.0,1.0
0.0,1.0
0.0,0.0
0.0,1.0
0.0,2.0
-2.0,1.0
-1.0,-1.0
0.0,0.0
1.0,-1.0
2.0,0.0
1.0,0.0
1.0,-1.0
2.0,-1.0
1.0,0.0
0.0,-1.0
0.0,0.0
1.0,0.0
1.0,0.0
0.0,0.0
-1.0,0.0
-1.0,-1.0
1.0,1.0
1.0,-2.0
1.0,-1.0
-1.0,-1.0
-1.0,0.0
-1.0,2.0
1.0,3.0
0.0,1.0
0.0,1.0
-1.0,0.0
-1.0,-1.0
1.0,0.0
-1.0,1.0
26.0,9.0
-2.0,-2.0
3.0,0.0
14.0,13.0
6.0,-4.0
4.0,0.0
19.0,3.0
0.0,0.0
1.0,-1.0
0.0,0.0
0.0,1.0
0.0,1.0
2.0,0.0
3.0,0.0
3.0,0.0
1.0,1.0
2.0,1.0
2.0,1.0
0.0,1.0
-1.0,-1.0
1.0,0.0
-2.0,0.0
-2.0,1.0
0.0,1.0
-2.0,1.0
-2.0,0.0
-1.0,0.0
-2.0,0.0
-1.0,0.0
-2.0,1.0
-1.0,1.0
0.0,1.0
1.0,0.0
-1.0,1.0
0.0,1.0
-20.0,-1.0
1.0,-3.0
2.0,-1.0
7.0,-16.0
22.0,28.0
4.0,-1.0
4.0,0.0
23.0,29.0
0.0,0.0
1.0,-1.0
1.0,0.0
0.0,-2.0
0.0,0.0
-3.0,1.0
1.0,0.0
1.0,-1.0
1.0,1.0
-2.0,0.0
-1.0,0.0
-1.0,0.0
-2.0,0.0
28.0,23.0
6.0,0.0
5.0,-1.0
27.0,28.0
29.0,23.0
1.0,-1.0
1.0,0.0
0.0,0.0
1.0,-1.0
1.0,0.0
1.0,1.0
1.0,-1.0
0.0,-1.0
-1.0,0.0
1.0,0.0
4.0,-1.0
3.0,0.0
0.0,0.0
0.0,0.0
1.0,0.0
0.0,-1.0
-1.0,2.0
-1.0,1.0
-1.0,2.0
-1.0,2.0
-1.0,0.0
0.0,0.0
-1.0,-1.0
2.0,0.0
-1.0,0.0
2.0,0.0
0.0,0.0
-1.0,1.0
-1.0,1.0
-1.0,1.0
-17.0,-1.0
1.0,1.0
0.0,1.0
1.0,1.0
0.0,1.0
1.0,1.0
0.0,2.0
1.0,0.0
0.0,-1.0
-1.0,1.0
3.0,4.0
-1.0,1.0
0.0,1.0
0.0,2.0
-1.0,2.0
-3.0,2.0
0.0,0.0
0.0,0.0
0.0,1.0
1.0,1.0
3.0,-1.0
1.0,1.0
0.0,0.0
0.0,0.0
-1.0,-3.0
-1.0,1.0
0.0,0.0
4.0,1.0
2.0,1.0
1.0,-1.0
1.0,-1.0
1.0,1.0
3.0,0.0
4.0,-1.0
1.0,-2.0
1.0,-2.0
0.0,-1.0
1.0,-1.0
-1.0,0.0
0.0,0.0
-1.0,1.0
1.0,0.0
2.0,-1.0
2.0,-2.0
1.0,-2.0
1.0,0.0
-1.0,1.0
1.0,1.0
1.0,1.0
0.0,0.0
0.0,0.0
-1.0,-1.0
0.0,-2.0
0.0,-1.0
-1.0,-1.0
0.0,-1.0
0.0,0.0
-3.0,3.0
0.0,2.0
2.0,0.0
0.0,1.0
-1.0,1.0
-1.0,0.0
-2.0,0.0
-2.0,0.0
-3.0,0.0
-2.0,2.0
0.0,2.0
-1.0,2.0
-21.0,-3.0
3.0,3.0
0.0,0.0
0.0,2.0
3.0,0.0
2.0,0.0
4.0,2.0
3.0,-1.0
-1.0,0.0
0.0,1.0
0.0,0.0
0.0,0.0
0.0,0.0
0.0,1.0
-2.0,1.0
-1.0,-1.0
-1.0,0.0
0.0,-1.0
1.0,-1.0
1.0,0.0
-1.0,0.0
-1.0,0.0
1.0,0.0
1.0,1.0
2.0,0.0
4.0,0.0
2.0,-1.0
1.0,-1.0
1.0,0.0
0.0,1.0
2.0,0.0
2.0,-1.0
1.0,0.0
-2.0,10.0
4.0,-20.0
22.0,24.0
-2.0,0.0
-2.0,1.0
1.0,0.0
-2.0,0.0
0.0,0.0
-1.0,1.0
2.0,0.0
0.0,0.0
0.0,1.0
0.0,0.0
2.0,2.0
2.0,2.0
1.0,0.0
6.0,1.0
0.0,0.0
2.0,1.0
0.0,0.0
3.0,-2.0
4.0,1.0
4.0,0.0
5.0,1.0
5.0,0.0
1.0,-1.0
-2.0,1.0
1.0,2.0
0.0,-2.0
-2.0,8.0
1.0,-1.0
2.0,-2.0
2.0,0.0
0.0,-1.0
0.0,0.0
-1.0,0.0
-1.0,-1.0
3.0,0.0
0.0,0.0
-2.0,1.0
1.0,2.0
1.0,1.0
-2.0,3.0
2.0,-1.0
3.0,-1.0
1.0,0.0
-1.0,0.0
2.0,-1.0
1.0,-2.0
2.0,0.0
-1.0,-1.0
2.0,-7.0
1.0,0.0
1.0,-1.0
0.0,-1.0
0.0,-1.0
0.0,0.0
1.0,-1.0
2.0,2.0
0.0,2.0
-1.0,1.0
1.0,0.0
1.0,-1.0
2.0,0.0
0.0,1.0
0.0,0.0
0.0,1.0
1.0,1.0
-1.0,1.0
0.0,0.0
1.0,-1.0
1.0,0.0
2.0,0.0
-2.0,0.0
-1.0,1.0
-1.0,0.0
-1.0,1.0
2.0,0.0
1.0,0.0
0.0,0.0
1.0,0.0
0.0,3.0
0.0,2.0
0.0,2.0
-25.0,16.0
3.0,1.0
0.0,0.0
0.0,0.0
-1.0,0.0
0.0,1.0
1.0,0.0
0.0,0.0
1.0,0.0
1.0,1.0
0.0,2.0
3.0,3.0
1.0,3.0
1.0,-2.0
2.0,-1.0
1.0,0.0
0.0,1.0
1.0,1.0
9.0,1.0
1.0,2.0
1.0,2.0
0.0,0.0
3.0,0.0
5.0,-1.0
0.0,1.0
5.0,0.0
0.0,-1.0
0.0,-1.0
2.0,-2.0
1.0,0.0
3.0,0.0
0.0,0.0
0.0,0.0
-1.0,1.0
0.0,1.0
0.0,0.0
0.0,0.0
3.0,0.0
0.0,1.0
1.0,0.0
0.0,0.0
2.0,-2.0
-1.0,0.0
0.0,1.0
-1.0,2.0
2.0,0.0
1.0,1.0
-3.0,1.0
1.0,0.0
1.0,-1.0
1.0,0.0
-1.0,1.0
-2.0,1.0
-1.0,1.0
-1.0,1.0
-2.0,1.0
1.0,0.0
2.0,2.0
1.0,-1.0
3.0,-1.0
1.0,0.0
3.0,0.0
3.0,0.0
0.0,-2.0
0.0,0.0
0.0,-1.0
1.0,-1.0
1.0,-2.0
1.0,2.0
3.0,1.0
1.0,-1.0
-3.0,1.0
1.0,1.0
1.0,-1.0
1.0,0.0
-3.0,0.0
1.0,0.0
-1.0,-1.0
-1.0,1.0
-2.0,2.0
-1.0,1.0
0.0,1.0
0.0,1.0
1.0,0.0
2.0,1.0
1.0,1.0
2.0,0.0
0.0,1.0
-1.0,1.0
-1.0,1.0
0.0,0.0
1.0,1.0
0.0,2.0
-1.0,0.0
0.0,1.0
2.0,1.0
0.0,1.0
2.0,2.0
-1.0,0.0
-1.0,1.0
2.0,2.0
-1.0,1.0
-1.0,0.0
-1.0,-1.0
0.0,0.0
2.0,-1.0
-1.0,-1.0
-1.0,0.0
-1.0,2.0
0.0,1.0
2.0,-1.0
2.0,1.0
2.0,-1.0
2.0,-2.0
1.0,-1.0
1.0,0.0
0.0,1.0
0.0,0.0
0.0,-2.0
0.0,-1.0
1.0,-1.0
1.0,0.0
0.0,0.0
1.0,2.0
1.0,0.0
1.0,0.0
-2.0,0.0
2.0,0.0
3.0,-4.0
-1.0,0.0
-1.0,0.0
0.0,1.0
-2.0,2.0
0.0,1.0
-1.0,1.0
-2.0,2.0
1.0,8.0
-1.0,1.0
0.0,0.0
2.0,-1.0
1.0,0.0
-1.0,0.0
0.0,0.0
-1.0,0.0
-2.0,3.0
-2.0,1.0
-1.0,2.0
6.0,1.0
1.0,2.0
0.0,0.0
-1.0,0.0
-2.0,2.0
0.0,1.0
0.0,1.0
0.0,1.0
-1.0,1.0
1.0,0.0
0.0,-1.0
0.0,-1.0
-1.0,-1.0
-2.0,2.0
0.0,0.0
2.0,-2.0
4.0,-1.0
4.0,0.0
2.0,2.0
2.0,2.0
6.0,0.0
-1.0,0.0
2.0,0.0
2.0,0.0
0.0,1.0
-2.0,1.0
0.0,0.0
-1.0,0.0
0.0,1.0
-1.0,0.0
0.0,2.0
-2.0,2.0
-2.0,1.0
-5.0,2.0
2.0,-1.0
3.0,1.0
0.0,1.0
2.0,-1.0
2.0,1.0
2.0,0.0
-2.0,1.0
3.0,-1.0
4.0,-2.0
1.0,-1.0
1.0,0.0
4.0,-1.0
2.0,-1.0
2.0,-16.0
3.0,-17.0
0.0,2.0
-1.0,2.0
0.0,2.0
0.0,2.0
1.0,1.0
-1.0,1.0
-2.0,1.0
-1.0,2.0
0.0,1.0
4.0,1.0
-27.0,12.0
5.0,1.0
-27.0,11.0
0.0,1.0
0.0,1.0
0.0,0.0
1.0,-1.0
-1.0,-1.0
-1.0,0.0
14.0,1.0
26.0,1.0
23.0,2.0
3.0,1.0
28.0,3.0
1.0,-1.0
2.0,0.0
0.0,2.0
-27.0,12.0
3.0,1.0
2.0,0.0
1.0,2.0
0.0,0.0
0.0,0.0
1.0,-1.0
7.0,1.0
1.0,0.0
9.0,0.0
1.0,0.0
2.0,0.0
3.0,1.0
-4.0,2.0
-2.0,0.0
0.0,0.0
-1.0,0.0
0.0,2.0
0.0,0.0
0.0,-1.0
1.0,1.0
2.0,-1.0
5.0,0.0
4.0,0.0
4.0,-2.0
1.0,0.0
2.0,-1.0
3.0,-2.0
3.0,-3.0
2.0,1.0
1.0,0.0
4.0,-1.0
2.0,-1.0
-1.0,0.0
3.0,-1.0
2.0,-1.0
-1.0,1.0
1.0,-1.0
1.0,1.0
9.0,-1.0
27.0,5.0
0.0,-2.0
2.0,2.0
3.0,-1.0
4.0,-1.0
0.0,0.0
2.0,-1.0
3.0,-1.0
0.0,2.0
-1.0,0.0
0.0,-1.0
-1.0,0.0
-1.0,-1.0
1.0,-1.0
0.0,0.0
2.0,0.0
-2.0,1.0
0.0,1.0
1.0,1.0
2.0,-1.0
3.0,-1.0
1.0,0.0
2.0,-1.0
-1.0,1.0
0.0,1.0
-1.0,2.0
-4.0,0.0
0.0,-1.0
0.0,-1.0
-1.0,0.0
3.0,1.0
2.0,0.0
25.0,22.0
2.0,0.0
0.0,-1.0
2.0,-1.0
1.0,-1.0
0.0,-1.0
3.0,-1.0
0.0,0.0
1.0,0.0
1.0,-1.0
-2.0,0.0
1.0,0.0
0.0,0.0
1.0,0.0
2.0,1.0
-3.0,0.0
1.0,-2.0
2.0,-2.0
-1.0,2.0
0.0,0.0
0.0,-1.0
1.0,0.0
1.0,0.0
2.0,0.0
-1.0,1.0
-23.0,3.0
-2.0,1.0
0.0,-1.0
0.0,-1.0
2.0,-1.0
4.0,0.0
4.0,0.0
-1.0,1.0
0.0,0.0
0.0,0.0
0.0,1.0
-2.0,1.0
9.0,3.0
0.0,-1.0
3.0,-2.0
-1.0,1.0
1.0,-1.0
6.0,-2.0
-2.0,1.0
2.0,0.0
2.0,-1.0
0.0,2.0
1.0,0.0
0.0,0.0
1.0,0.0
1.0,-1.0
-27.0,30.0
0.0,0.0
27.0,29.0
10.0,-1.0
3.0,-1.0
6.0,0.0
27.0,20.0
11.0,0.0
4.0,-3.0
9.0,-1.0
1.0,0.0
0.0,0.0
0.0,-1.0
-2.0,-2.0
-1.0,-2.0
0.0,0.0
27.0,2.0
2.0,-1.0
1.0,0.0
4.0,-1.0
1.0,-1.0
4.0,-1.0
4.0,-1.0
0.0,1.0
-1.0,1.0
0.0,0.0
-1.0,0.0
2.0,0.0
2.0,0.0
2.0,-1.0
3.0,-1.0
2.0,-1.0
4.0,1.0
