-12.0,20.0
-19.0,30.0
-8.0,-22.0
-16.0,-1.0
-2.0,-30.0
-10.0,-5.0
8.0,-2.0
3.0,-3.0
16.0,-12.0
4.0,3.0
5.0,0.0
0.0,4.0
9.0,-4.0
-10.0,-1.0
-13.0,0.0
-17.0,2.0
-7.0,-1.0
-14.0,3.0
-3.0,0.0
3.0,-3.0
-2.0,0.0
-22.0,1.0
0.0,-3.0
-4.0,-5.0
-10.0,-6.0
2.0,0.0
-2.0,-2.0
-2.0,7.0
-3.0,3.0
-26.0,-4.0
-17.0,-8.0
-10.0,4.0
3.0,3.0
-4.0,3.0
-3.0,0.0
0.0,-1.0
-9.0,9.0
1.0,4.0
1.0,0.0
-4.0,4.0
-1.0,5.0
1.0,4.0
-1.0,2.0
3.0,0.0
13.0,-1.0
-11.0,-8.0
-30.0,30.0
-26.0,27.0
-5.0,0.0
30.0,5.0
30.0,2.0
-3.0,3.0
2.0,-2.0
0.0,7.0
2.0,3.0
30.0,-16.0
-3.0,-1.0
3.0,2.0
6.0,0.0
-1.0,-4.0
-4.0,-1.0
1.0,-1.0
-5.0,3.0
0.0,4.0
-5.0,2.0
-15.0,30.0
-4.0,-1.0
-11.0,26.0
-3.0,3.0
-3.0,-2.0
-4.0,4.0
4.0,-6.0
2.0,-9.0
2.0,-1.0
-10.0,1.0
-30.0,1.0
25.0,30.0
-3.0,1.0
-14.0,0.0
10.0,-18.0
9.0,-15.0
30.0,-30.0
13.0,-26.0
-4.0,9.0
-7.0,-2.0
27.0,8.0
-4.0,2.0
3.0,-17.0
-8.0,-5.0
-2.0,1.0
-22.0,0.0
30.0,10.0
-13.0,-9.0
-12.0,-8.0
-10.0,-5.0
-1.0,2.0
0.0,3.0
0.0,3.0
-4.0,5.0
30.0,-30.0
-2.0,4.0
-1.0,4.0
0.0,2.0
-12.0,29.0
-10.0,28.0
8.0,-10.0
-2.0,-7.0
5.0,-5.0
-11.0,-9.0
17.0,-5.0
1.0,-4.0
-5.0,7.0
7.0,-5.0
-4.0,-1.0
3.0,-1.0
-4.0,-4.0
-14.0,7.0
3.0,4.0
3.0,3.0
-5.0,16.0
2.0,-1.0
-9.0,3.0
-13.0,-1.0
-4.0,10.0
6.0,-4.0
1.0,0.0
4.0,-2.0
-6.0,4.0
-8.0,3.0
27.0,23.0
-9.0,4.0
3.0,4.0
-7.0,12.0
-7.0,-3.0
-4.0,-3.0
-5.0,-5.0
-1.0,-5.0
-9.0,-2.0
1.0,-3.0
29.0,-4.0
-1.0,-30.0
30.0,-2.0
-30.0,-27.0
28.0,-3.0
-16.0,8.0
-6.0,1.0
-6.0,-1.0
-13.0,3.0
-4.0,3.0
0.0,-4.0
1.0,-4.0
-1.0,1.0
8.0,7.0
-7.0,1.0
-24.0,0.0
8.0,-2.0
-18.0,-1.0
1.0,-29.0
0.0,-2.0
-1.0,-4.0
-1.0,2.0
-1.0,-1.0
-4.0,2.0
-3.0,4.0
-9.0,-5.0
-3.0,1.0
0.0,1.0
8.0,-1.0
2.0,0.0
3.0,2.0
-1.0,0.0
5.0,-26.0
-2.0,3.0
-2.0,5.0
-2.0,2.0
-1.0,-2.0
-3.0,4.0
16.0,22.0
3.0,2.0
6.0,3.0
4.0,-1.0
8.0,3.0
-27.0,0.0
4.0,2.0
3.0,3.0
-1.0,4.0
14.0,-13.0
0.0,4.0
18.0,1.0
-2.0,5.0
0.0,4.0
-2.0,5.0
4.0,1.0
-3.0,8.0
27.0,2.0
-2.0,2.0
26.0,-3.0
2.0,-30.0
-10.0,30.0
21.0,-9.0
-1.0,7.0
-5.0,3.0
-5.0,0.0
-8.0,-1.0
-2.0,5.0
-3.0,7.0
-2.0,5.0
2.0,-1.0
-6.0,-1.0
20.0,12.0
-3.0,-2.0
-6.0,30.0
2.0,0.0
-1.0,2.0
-6.0,30.0
-5.0,1.0
-5.0,0.0
-8.0,0.0
1.0,-2.0
5.0,-27.0
3.0,1.0
-2.0,-1.0
-5.0,0.0
-12.0,24.0
-1.0,1.0
-2.0,5.0
0.0,-22.0
-5.0,-21.0
26.0,6.0
-3.0,1.0
2.0,3.0
-3.0,-3.0
-3.0,7.0
-3.0,2.0
-2.0,0.0
3.0,-30.0
-1.0,6.0
-8.0,16.0
-9.0,-1.0
-8.0,-3.0
-29.0,30.0
-9.0,-3.0
-10.0,-2.0
-3.0,4.0
-5.0,-30.0
29.0,-2.0
-1.0,9.0
29.0,5.0
29.0,18.0
-4.0,-4.0
-3.0,-2.0
-7.0,-6.0
0.0,0.0
-1.0,4.0
-5.0,1.0
10.0,4.0
1.0,6.0
-4.0,0.0
-1.0,4.0
-2.0,5.0
-1.0,2.0
-4.0,6.0
-9.0,-1.0
-2.0,1.0
-3.0,-2.0
-2.0,-2.0
-4.0,-2.0
1.0,2.0
11.0,2.0
0.0,2.0
19.0,8.0
18.0,5.0
0.0,0.0
-6.0,1.0
-1.0,-1.0
-19.0,4.0
3.0,30.0
-9.0,-24.0
3.0,30.0
-9.0,1.0
22.0,18.0
-3.0,-2.0
-6.0,3.0
-2.0,-2.0
-4.0,2.0
-1.0,1.0
-12.0,-3.0
30.0,-3.0
-30.0,30.0
-5.0,5.0
-4.0,8.0
27.0,1.0
5.0,-1.0
-7.0,10.0
-9.0,7.0
2.0,2.0
6.0,3.0
1.0,3.0
30.0,5.0
-19.0,7.0
12.0,-2.0
4.0,-1.0
2.0,5.0
1.0,8.0
-6.0,4.0
6.0,-6.0
3.0,-5.0
6.0,-6.0
30.0,3.0
30.0,-24.0
0.0,0.0
-25.0,4.0
5.0,-2.0
4.0,-1.0
-27.0,4.0
8.0,-1.0
-3.0,-1.0
-1.0,-5.0
9.0,-4.0
30.0,11.0
3.0,2.0
-2.0,0.0
5.0,5.0
1.0,1.0
-22.0,5.0
-3.0,5.0
-3.0,8.0
0.0,2.0
0.0,-1.0
-4.0,-3.0
-4.0,1.0
2.0,-5.0
-2.0,2.0
-4.0,2.0
-3.0,0.0
-4.0,5.0
-2.0,4.0
-7.0,2.0
1.0,0.0
2.0,5.0
0.0,-1.0
-2.0,-5.0
-3.0,3.0
3.0,1.0
-2.0,2.0
-1.0,-1.0
-2.0,0.0
0.0,1.0
-2.0,-1.0
1.0,6.0
-13.0,10.0
28.0,10.0
24.0,-1.0
1.0,1.0
2.0,2.0
-1.0,3.0
-6.0,4.0
-1.0,6.0
3.0,-29.0
-1.0,2.0
-4.0,7.0
0.0,3.0
-8.0,1.0
6.0,-21.0
-8.0,1.0
-5.0,0.0
-30.0,30.0
-2.0,-5.0
-7.0,-3.0
-5.0,-3.0
-8.0,0.0
-3.0,-1.0
0.0,1.0
-8.0,-2.0
-8.0,-4.0
-13.0,8.0
-12.0,9.0
-14.0,10.0
-9.0,4.0
-11.0,7.0
-13.0,2.0
-16.0,-7.0
-14.0,5.0
23.0,16.0
-15.0,-6.0
7.0,-1.0
-3.0,-1.0
5.0,-1.0
-1.0,-8.0
-5.0,0.0
-4.0,-4.0
3.0,-4.0
0.0,0.0
6.0,-5.0
-1.0,-1.0
-3.0,-2.0
-4.0,-1.0
-4.0,5.0
-9.0,19.0
-2.0,6.0
-7.0,13.0
-8.0,-2.0
-5.0,6.0
-4.0,1.0
4.0,3.0
-30.0,-13.0
-3.0,4.0
-5.0,2.0
0.0,5.0
30.0,17.0
30.0,19.0
30.0,23.0
3.0,-2.0
-9.0,0.0
4.0,-3.0
5.0,-27.0
-10.0,-7.0
8.0,-26.0
4.0,5.0
-4.0,1.0
-6.0,1.0
-6.0,4.0
-6.0,2.0
-2.0,4.0
-3.0,-2.0
-1.0,0.0
0.0,3.0
-1.0,-3.0
-5.0,2.0
-1.0,1.0
3.0,0.0
-3.0,0.0
2.0,6.0
-9.0,3.0
24.0,10.0
-4.0,1.0
-16.0,5.0
-18.0,7.0
-6.0,3.0
-7.0,4.0
-6.0,-1.0
-1.0,1.0
-2.0,1.0
2.0,6.0
-1.0,4.0
-4.0,-7.0
1.0,21.0
-15.0,30.0
-3.0,6.0
-5.0,3.0
-2.0,2.0
3.0,-1.0
-4.0,8.0
-9.0,0.0
-6.0,2.0
-11.0,-2.0
-6.0,7.0
-21.0,-30.0
-27.0,-2.0
-25.0,0.0
-6.0,1.0
-8.0,1.0
-28.0,1.0
-2.0,-3.0
-30.0,30.0
-18.0,3.0
-3.0,5.0
1.0,7.0
-7.0,1.0
-2.0,2.0
-3.0,1.0
0.0,-1.0
-1.0,4.0
-4.0,-1.0
-1.0,-2.0
-1.0,-1.0
-8.0,5.0
-12.0,6.0
-7.0,3.0
0.0,-2.0
6.0,1.0
3.0,0.0
-7.0,6.0
4.0,-6.0
-1.0,0.0
-1.0,-4.0
2.0,2.0
-6.0,-5.0
-3.0,-4.0
-5.0,0.0
-9.0,-4.0
-10.0,-7.0
7.0,-6.0
-1.0,1.0
-4.0,-3.0
3.0,-1.0
1.0,2.0
0.0,3.0
0.0,5.0
-1.0,6.0
6.0,2.0
0.0,0.0
-21.0,3.0
-19.0,16.0
-5.0,-21.0
-28.0,3.0
11.0,-6.0
-5.0,7.0
0.0,4.0
-2.0,2.0
2.0,-3.0
-18.0,-6.0
3.0,-2.0
-14.0,-4.0
-4.0,-5.0
4.0,0.0
-9.0,-6.0
-7.0,1.0
-2.0,-4.0
-8.0,2.0
-2.0,-1.0
30.0,-5.0
-3.0,-12.0
-2.0,2.0
0.0,0.0
3.0,-4.0
0.0,0.0
-2.0,6.0
1.0,-1.0
3.0,2.0
1.0,2.0
9.0,-2.0
-3.0,-6.0
-2.0,-7.0
-7.0,-9.0
-9.0,7.0
-3.0,8.0
1.0,-10.0
-22.0,14.0
2.0,-9.0
-1.0,-12.0
-30.0,1.0
4.0,-8.0
2.0,-6.0
-2.0,-6.0
-2.0,6.0
-25.0,3.0
-2.0,8.0
4.0,-17.0
10.0,-1.0
-24.0,-1.0
12.0,0.0
1.0,-2.0
13.0,13.0
28.0,9.0
30.0,-9.0
9.0,-4.0
28.0,-8.0
-1.0,1.0
-2.0,-1.0
0.0,2.0
3.0,-2.0
-5.0,11.0
1.0,2.0
0.0,3.0
0.0,3.0
-1.0,6.0
-2.0,5.0
-1.0,4.0
-1.0,0.0
-2.0,-2.0
2.0,-2.0
-1.0,-3.0
-5.0,-4.0
-3.0,0.0
-1.0,3.0
6.0,-28.0
-3.0,-1.0
-10.0,2.0
-2.0,1.0
-2.0,0.0
-1.0,4.0
1.0,2.0
2.0,-1.0
-1.0,1.0
-30.0,29.0
18.0,6.0
-6.0,6.0
-9.0,30.0
1.0,-2.0
-2.0,6.0
3.0,-5.0
-8.0,0.0
-4.0,4.0
10.0,-16.0
1.0,2.0
-7.0,-2.0
1.0,1.0
-7.0,5.0
30.0,1.0
30.0,10.0
26.0,9.0
30.0,9.0
27.0,6.0
-4.0,1.0
-2.0,-3.0
-3.0,3.0
1.0,-21.0
-1.0,0.0
7.0,-29.0
-6.0,-1.0
-10.0,1.0
5.0,-1.0
1.0,7.0
24.0,26.0
14.0,-19.0
-2.0,5.0
1.0,4.0
-4.0,5.0
0.0,4.0
27.0,8.0
0.0,4.0
-4.0,10.0
20.0,-5.0
-1.0,5.0
1.0,6.0
-12.0,1.0
-24.0,-1.0
-19.0,2.0
1.0,2.0
-30.0,19.0
2.0,-3.0
30.0,-2.0
0.0,3.0
6.0,-4.0
-5.0,2.0
-24.0,0.0
-2.0,2.0
7.0,2.0
2.0,1.0
2.0,0.0
1.0,-1.0
-1.0,-1.0
-4.0,-1.0
-1.0,4.0
0.0,-1.0
3.0,3.0
2.0,0.0
17.0,-1.0
-4.0,8.0
2.0,1.0
1.0,-1.0
-3.0,-2.0
-9.0,6.0
-1.0,3.0
0.0,30.0
-5.0,-1.0
-3.0,5.0
3.0,1.0
1.0,0.0
-4.0,1.0
-2.0,3.0
-6.0,0.0
-2.0,4.0
6.0,-30.0
-25.0,-30.0
-1.0,4.0
1.0,8.0
9.0,-6.0
-23.0,-7.0
5.0,0.0
-2.0,2.0
30.0,0.0
0.0,-3.0
23.0,18.0
-27.0,-1.0
-3.0,0.0
6.0,-1.0
4.0,-4.0
0.0,0.0
5.0,1.0
3.0,2.0
30.0,-2.0
3.0,0.0
3.0,0.0
-4.0,11.0
7.0,-7.0
-2.0,2.0
-30.0,30.0
3.0,4.0
-3.0,3.0
-1.0,5.0
11.0,-29.0
-13.0,-21.0
0.0,2.0
-3.0,8.0
13.0,7.0
-2.0,4.0
3.0,-30.0
-5.0,9.0
2.0,2.0
-3.0,3.0
-3.0,1.0
10.0,-10.0
4.0,-1.0
3.0,-3.0
-3.0,-1.0
-7.0,5.0
1.0,-30.0
-6.0,2.0
-3.0,-1.0
-3.0,1.0
-2.0,5.0
-1.0,4.0
-5.0,10.0
-1.0,6.0
1.0,-4.0
5.0,-3.0
-2.0,0.0
6.0,-4.0
9.0,14.0
-7.0,30.0
2.0,1.0
-24.0,3.0
-8.0,-24.0
-12.0,-24.0
-17.0,-2.0
-2.0,-2.0
-6.0,0.0
-5.0,3.0
1.0,0.0
2.0,-2.0
-12.0,-3.0
2.0,-1.0
-23.0,-4.0
-2.0,-4.0
-9.0,-3.0
-1.0,-5.0
-11.0,0.0
-10.0,-7.0
-8.0,2.0
-1.0,-4.0
-3.0,-6.0
0.0,-3.0
0.0,-2.0
-1.0,-10.0
2.0,-7.0
-3.0,-2.0
-18.0,4.0
3.0,-6.0
-2.0,2.0
-1.0,-1.0
2.0,-2.0
-4.0,6.0
-1.0,2.0
3.0,-7.0
-4.0,-2.0
1.0,30.0
15.0,21.0
-8.0,-5.0
-7.0,3.0
-6.0,5.0
0.0,0.0
1.0,1.0
28.0,-23.0
2.0,2.0
-5.0,-4.0
-1.0,1.0
-1.0,0.0
-5.0,0.0
-5.0,17.0
5.0,8.0
-3.0,7.0
-24.0,2.0
30.0,3.0
1.0,3.0
6.0,1.0
-29.0,-5.0
-30.0,-2.0
30.0,-3.0
-22.0,0.0
6.0,-1.0
10.0,-9.0
-7.0,-14.0
-4.0,-1.0
-7.0,-1.0
16.0,-19.0
3.0,-1.0
10.0,-6.0
3.0,1.0
23.0,-30.0
-10.0,-1.0
-11.0,2.0
-14.0,4.0
1.0,-28.0
-9.0,-1.0
-6.0,-1.0
-15.0,2.0
-4.0,2.0
2.0,-3.0
-7.0,4.0
-10.0,0.0
-10.0,1.0
-5.0,-5.0
-29.0,3.0
-21.0,2.0
3.0,-4.0
-5.0,2.0
14.0,-6.0
12.0,-8.0
-6.0,2.0
-11.0,7.0
-2.0,0.0
-2.0,0.0
-1.0,-4.0
3.0,-3.0
-5.0,12.0
-6.0,13.0
-2.0,3.0
8.0,-5.0
-18.0,-4.0
-17.0,-5.0
-10.0,-2.0
-17.0,-2.0
-14.0,-8.0
-3.0,-3.0
-7.0,-4.0
-11.0,-1.0
-11.0,1.0
-25.0,6.0
13.0,-13.0
-24.0,11.0
-30.0,7.0
-7.0,-2.0
13.0,-14.0
6.0,-4.0
-2.0,-1.0
-30.0,19.0
17.0,30.0
-5.0,-4.0
20.0,30.0
8.0,-11.0
-7.0,0.0
-17.0,-2.0
-10.0,-4.0
-6.0,-2.0
-30.0,5.0
-19.0,30.0
11.0,5.0
0.0,27.0
3.0,-1.0
8.0,0.0
-13.0,-4.0
-4.0,0.0
-6.0,2.0
-6.0,-1.0
-3.0,1.0
-9.0,3.0
-1.0,1.0
-22.0,2.0
-20.0,2.0
-9.0,-6.0
1.0,0.0
-15.0,4.0
-16.0,6.0
-2.0,0.0
1.0,3.0
-3.0,4.0
-2.0,2.0
-9.0,-5.0
-11.0,4.0
-11.0,-3.0
0.0,0.0
-1.0,-4.0
3.0,-3.0
1.0,-2.0
1.0,-7.0
0.0,-2.0
-1.0,-5.0
-4.0,-4.0
1.0,-3.0
-6.0,1.0
-11.0,-6.0
3.0,-4.0
-2.0,1.0
-11.0,3.0
-2.0,0.0
-5.0,-5.0
-1.0,2.0
5.0,-2.0
6.0,-7.0
7.0,-4.0
5.0,-5.0
10.0,-14.0
6.0,-5.0
1.0,1.0
-20.0,6.0
-12.0,3.0
-21.0,1.0
-22.0,9.0
-15.0,4.0
1.0,5.0
0.0,8.0
-4.0,-3.0
-18.0,0.0
-2.0,2.0
1.0,-3.0
0.0,1.0
0.0,0.0
6.0,-4.0
-8.0,2.0
-9.0,6.0
-6.0,0.0
-12.0,9.0
-1.0,2.0
-4.0,-1.0
-1.0,2.0
-1.0,2.0
0.0,4.0
6.0,-4.0
-2.0,-5.0
2.0,-3.0
-1.0,-7.0
-9.0,1.0
-6.0,8.0
-10.0,-1.0
-7.0,2.0
-10.0,2.0
-6.0,1.0
-5.0,-25.0
0.0,-1.0
4.0,-4.0
-8.0,-3.0
1.0,1.0
-4.0,0.0
30.0,-17.0
4.0,30.0
30.0,-17.0
30.0,-12.0
-1.0,1.0
-24.0,5.0
-26.0,-1.0
-11.0,3.0
-17.0,-1.0
-7.0,4.0
5.0,30.0
-3.0,1.0
23.0,-21.0
-4.0,1.0
-14.0,1.0
-13.0,-1.0
1.0,1.0
-28.0,4.0
-25.0,4.0
-25.0,4.0
-1.0,0.0
-5.0,0.0
6.0,30.0
-9.0,-2.0
-8.0,6.0
-3.0,4.0
27.0,-18.0
-1.0,7.0
28.0,-18.0
0.0,30.0
-2.0,6.0
4.0,-3.0
-3.0,1.0
-4.0,1.0
1.0,1.0
-5.0,14.0
-11.0,30.0
-7.0,30.0
-2.0,5.0
-11.0,30.0
-24.0,3.0
-5.0,-6.0
2.0,-4.0
-9.0,-10.0
0.0,-5.0
-1.0,-4.0
-5.0,-2.0
1.0,1.0
-22.0,-1.0
-2.0,-3.0
4.0,0.0
11.0,-30.0
-16.0,0.0
4.0,27.0
2.0,-6.0
-30.0,-1.0
-29.0,-16.0
-22.0,-26.0
3.0,-1.0
4.0,-5.0
-20.0,5.0
-2.0,-1.0
-8.0,2.0
-7.0,-4.0
-2.0,0.0
-6.0,3.0
-10.0,-7.0
1.0,3.0
-2.0,30.0
-3.0,-6.0
4.0,-2.0
-2.0,1.0
-11.0,5.0
3.0,-2.0
27.0,21.0
7.0,-8.0
-3.0,6.0
1.0,0.0
-1.0,5.0
1.0,3.0
-4.0,2.0
-1.0,2.0
-5.0,0.0
-6.0,6.0
12.0,-3.0
-9.0,1.0
-7.0,-4.0
20.0,-5.0
6.0,1.0
4.0,7.0
8.0,-2.0
1.0,-2.0
-10.0,12.0
-8.0,4.0
19.0,-15.0
-8.0,30.0
-7.0,0.0
-18.0,1.0
0.0,0.0
-2.0,3.0
-1.0,1.0
-1.0,-2.0
-3.0,3.0
-1.0,-1.0
25.0,-27.0
-1.0,-4.0
1.0,-5.0
2.0,-6.0
3.0,-5.0
-10.0,-3.0
-3.0,3.0
-4.0,-3.0
-3.0,-1.0
-3.0,2.0
-2.0,2.0
-6.0,4.0
-6.0,-3.0
1.0,-2.0
2.0,2.0
-5.0,10.0
-4.0,3.0
13.0,-28.0
-3.0,4.0
-9.0,30.0
-1.0,-2.0
-1.0,-5.0
2.0,-3.0
-6.0,-3.0
0.0,1.0
0.0,2.0
1.0,0.0
-17.0,-6.0
-2.0,3.0
1.0,-2.0
-2.0,0.0
0.0,-3.0
5.0,-9.0
-5.0,-7.0
1.0,-4.0
-13.0,-2.0
-23.0,-3.0
-4.0,3.0
15.0,-27.0
1.0,-2.0
2.0,0.0
-4.0,3.0
-1.0,3.0
7.0,-4.0
1.0,2.0
-2.0,5.0
-4.0,11.0
2.0,-1.0
3.0,-3.0
-3.0,1.0
-10.0,1.0
-4.0,-1.0
-2.0,-3.0
-9.0,-3.0
-4.0,-7.0
-18.0,-3.0
-8.0,4.0
-13.0,4.0
-4.0,-1.0
-4.0,-1.0
-20.0,4.0
-10.0,2.0
-8.0,3.0
-11.0,3.0
-6.0,4.0
-20.0,1.0
-16.0,0.0
-15.0,1.0
-5.0,-19.0
9.0,-21.0
-2.0,1.0
-4.0,4.0
-6.0,7.0
2.0,-16.0
-3.0,3.0
4.0,-8.0
-3.0,0.0
-2.0,-1.0
-2.0,3.0
-15.0,30.0
-18.0,30.0
3.0,-4.0
4.0,1.0
0.0,-23.0
0.0,-1.0
-6.0,1.0
23.0,-3.0
-29.0,5.0
-3.0,-7.0
-7.0,-1.0
-8.0,0.0
-11.0,3.0
-6.0,-4.0
11.0,8.0
-9.0,-3.0
-12.0,-5.0
-8.0,-4.0
5.0,2.0
-1.0,-3.0
-30.0,30.0
-20.0,3.0
2.0,-4.0
-14.0,0.0
-4.0,-1.0
2.0,-3.0
-2.0,0.0
-12.0,2.0
-5.0,1.0
-4.0,-1.0
-2.0,-4.0
2.0,3.0
0.0,-10.0
-5.0,-3.0
2.0,-3.0
-10.0,8.0
7.0,15.0
-8.0,-3.0
-1.0,3.0
3.0,0.0
0.0,-1.0
-9.0,1.0
-11.0,4.0
-2.0,2.0
-6.0,9.0
-17.0,30.0
-8.0,13.0
8.0,-2.0
-2.0,6.0
8.0,0.0
-2.0,-1.0
4.0,-4.0
-14.0,1.0
-1.0,-1.0
3.0,-30.0
1.0,30.0
-3.0,0.0
-4.0,-3.0
-1.0,2.0
-11.0,1.0
-1.0,2.0
-9.0,3.0
1.0,-10.0
0.0,4.0
1.0,4.0
3.0,2.0
-5.0,1.0
-9.0,-1.0
-8.0,-7.0
-1.0,1.0
-6.0,5.0
1.0,4.0
-13.0,4.0
0.0,2.0
-3.0,2.0
-1.0,0.0
0.0,-1.0
28.0,13.0
2.0,0.0
-17.0,-3.0
-10.0,29.0
-11.0,27.0
-24.0,-10.0
-1.0,-4.0
3.0,-2.0
4.0,26.0
5.0,-2.0
0.0,10.0
7.0,-2.0
6.0,-5.0
-8.0,-1.0
-1.0,4.0
-10.0,5.0
2.0,1.0
2.0,-4.0
4.0,-2.0
3.0,-3.0
7.0,0.0
4.0,0.0
8.0,-1.0
-11.0,-1.0
-11.0,-6.0
-8.0,0.0
17.0,30.0
25.0,30.0
0.0,17.0
-10.0,1.0
30.0,15.0
2.0,2.0
-20.0,-4.0
-6.0,3.0
-2.0,-5.0
-18.0,-19.0
-15.0,-17.0
7.0,29.0
-6.0,12.0
1.0,-3.0
5.0,-3.0
-3.0,7.0
3.0,-3.0
-24.0,3.0
4.0,-1.0
-12.0,2.0
0.0,3.0
-11.0,1.0
3.0,-6.0
-1.0,-4.0
5.0,-5.0
-6.0,-11.0
-13.0,-3.0
-15.0,9.0
-9.0,-3.0
-4.0,-3.0
-3.0,-3.0
-4.0,-2.0
3.0,-6.0
-10.0,0.0
-23.0,1.0
-19.0,4.0
2.0,1.0
6.0,-2.0
6.0,0.0
-22.0,9.0
-17.0,8.0
6.0,2.0
1.0,-1.0
4.0,5.0
1.0,0.0
6.0,-7.0
-2.0,5.0
-1.0,5.0
-3.0,9.0
-6.0,17.0
1.0,2.0
2.0,1.0
-26.0,3.0
-30.0,-1.0
-2.0,25.0
4.0,30.0
-9.0,3.0
-5.0,4.0
-8.0,6.0
1.0,1.0
3.0,19.0
8.0,20.0
6.0,0.0
-15.0,0.0
-5.0,-3.0
6.0,-11.0
-14.0,0.0
9.0,8.0
5.0,5.0
-2.0,5.0
6.0,-3.0
0.0,4.0
-30.0,6.0
-1.0,-1.0
30.0,5.0
3.0,1.0
-1.0,0.0
5.0,-3.0
2.0,30.0
1.0,-3.0
4.0,-2.0
-6.0,3.0
-3.0,2.0
-14.0,2.0
8.0,-16.0
-28.0,28.0
5.0,0.0
12.0,-6.0
0.0,5.0
-4.0,6.0
-3.0,3.0
-8.0,0.0
0.0,2.0
9.0,-6.0
0.0,2.0
-14.0,-1.0
-22.0,-6.0
-13.0,-1.0
-2.0,1.0
9.0,-5.0
-30.0,30.0
-8.0,4.0
-6.0,2.0
4.0,-2.0
1.0,1.0
0.0,-4.0
16.0,-21.0
-22.0,4.0
-28.0,5.0
-8.0,-6.0
0.0,2.0
-21.0,1.0
-13.0,5.0
-2.0,5.0
-2.0,5.0
-4.0,21.0
4.0,10.0
0.0,3.0
2.0,-2.0
1.0,0.0
21.0,8.0
-2.0,-3.0
0.0,-5.0
-3.0,0.0
3.0,2.0
4.0,0.0
6.0,-6.0
1.0,-4.0
2.0,7.0
-7.0,4.0
1.0,1.0
3.0,0.0
-6.0,3.0
0.0,1.0
3.0,-6.0
-14.0,0.0
-4.0,0.0
-3.0,0.0
5.0,-7.0
-1.0,0.0
2.0,-7.0
7.0,-8.0
2.0,0.0
0.0,-2.0
6.0,-3.0
-1.0,-3.0
1.0,-4.0
-10.0,-3.0
-10.0,5.0
-5.0,-2.0
-2.0,1.0
-2.0,1.0
1.0,2.0
-1.0,-2.0
2.0,3.0
2.0,5.0
4.0,2.0
-25.0,5.0
2.0,-1.0
-1.0,1.0
3.0,1.0
-3.0,5.0
2.0,2.0
3.0,11.0
3.0,3.0
-3.0,13.0
2.0,2.0
-1.0,3.0
-5.0,4.0
2.0,2.0
2.0,-4.0
2.0,0.0
-1.0,1.0
0.0,7.0
9.0,-5.0
4.0,-16.0
6.0,-12.0
-2.0,3.0
9.0,-8.0
12.0,-24.0
3.0,0.0
1.0,-5.0
-2.0,2.0
-27.0,4.0
-7.0,3.0
-4.0,3.0
0.0,-1.0
-29.0,9.0
-1.0,3.0
11.0,-12.0
0.0,3.0
-2.0,3.0
7.0,-4.0
-7.0,8.0
-9.0,4.0
-6.0,7.0
9.0,-12.0
5.0,-6.0
2.0,1.0
-1.0,4.0
1.0,2.0
-29.0,3.0
-27.0,6.0
-6.0,0.0
-7.0,-8.0
-3.0,0.0
-4.0,-2.0
-2.0,0.0
0.0,0.0
-18.0,3.0
0.0,3.0
4.0,-1.0
