-1.0,-2.0
0.0,0.0
2.0,2.0
0.0,-2.0
-3.0,-4.0
-3.0,-1.0
2.0,1.0
1.0,3.0
2.0,3.0
2.0,1.0
0.0,1.0
1.0,-5.0
0.0,3.0
-1.0,-2.0
-4.0,-3.0
-3.0,2.0
-1.0,1.0
-1.0,-2.0
-2.0,-1.0
-2.0,0.0
-2.0,0.0
-1.0,0.0
0.0,-2.0
-3.0,-2.0
-3.0,1.0
-1.0,0.0
-3.0,-4.0
-4.0,-3.0
-1.0,3.0
-3.0,-2.0
-1.0,3.0
1.0,-1.0
-3.0,0.0
-1.0,-2.0
0.0,0.0
0.0,2.0
0.0,1.0
0.0,2.0
2.0,-1.0
0.0,3.0
1.0,-1.0
-1.0,2.0
-6.0,0.0
1.0,0.0
0.0,3.0
-1.0,1.0
2.0,3.0
-1.0,5.0
1.0,1.0
2.0,2.0
0.0,2.0
-26.0,30.0
1.0,4.0
-2.0,-2.0
-1.0,-1.0
1.0,0.0
3.0,3.0
-1.0,0.0
-1.0,1.0
-1.0,3.0
1.0,4.0
0.0,4.0
0.0,-2.0
0.0,0.0
-1.0,-3.0
0.0,-2.0
0.0,-2.0
0.0,-1.0
1.0,0.0
-1.0,1.0
-1.0,4.0
2.0,2.0
0.0,4.0
0.0,5.0
1.0,0.0
1.0,4.0
3.0,6.0
1.0,2.0
0.0,4.0
-1.0,5.0
1.0,5.0
0.0,-1.0
1.0,0.0
1.0,-7.0
1.0,-1.0
1.0,-5.0
2.0,-6.0
1.0,9.0
1.0,6.0
-1.0,4.0
0.0,3.0
0.0,3.0
-2.0,2.0
0.0,-4.0
-3.0,-4.0
-3.0,-4.0
0.0,4.0
-1.0,6.0
-28.0,23.0
1.0,4.0
-2.0,6.0
-29.0,22.0
3.0,0.0
-2.0,1.0
1.0,-2.0
1.0,-2.0
-3.0,5.0
0.0,3.0
2.0,-1.0
2.0,1.0
0.0,5.0
1.0,0.0
0.0,0.0
-2.0,1.0
2.0,-1.0
-1.0,-2.0
1.0,0.0
0.0,1.0
1.0,2.0
-1.0,1.0
-1.0,-2.0
0.0,-2.0
-1.0,6.0
0.0,-2.0
-1.0,-5.0
-1.0,-2.0
-1.0,-3.0
-1.0,2.0
-3.0,3.0
-2.0,-2.0
-3.0,1.0
-2.0,1.0
-1.0,-3.0
-1.0,4.0
0.0,3.0
-1.0,5.0
-1.0,2.0
0.0,-2.0
1.0,-3.0
1.0,-2.0
0.0,2.0
4.0,-6.0
0.0,1.0
-3.0,2.0
-1.0,-4.0
-2.0,2.0
-1.0,-3.0
1.0,-2.0
-4.0,2.0
-1.0,-3.0
0.0,-6.0
-1.0,-1.0
0.0,3.0
-1.0,2.0
1.0,0.0
-2.0,-2.0
-3.0,6.0
-3.0,4.0
1.0,-1.0
0.0,-3.0
0.0,-4.0
-1.0,1.0
-3.0,-1.0
-5.0,7.0
-2.0,2.0
0.0,-2.0
0.0,1.0
-2.0,1.0
1.0,1.0
-1.0,1.0
0.0,2.0
-1.0,1.0
-1.0,-1.0
-1.0,0.0
-1.0,0.0
-1.0,0.0
-1.0,0.0
-1.0,3.0
-1.0,-2.0
-1.0,2.0
-1.0,-6.0
-2.0,-1.0
-2.0,-1.0
-2.0,-3.0
-2.0,-1.0
0.0,-1.0
-1.0,3.0
0.0,2.0
-1.0,3.0
-1.0,2.0
0.0,-2.0
-2.0,-2.0
-1.0,-1.0
-1.0,-8.0
0.0,-7.0
2.0,-1.0
1.0,0.0
-1.0,1.0
-4.0,3.0
-3.0,-3.0
-3.0,0.0
-5.0,1.0
-2.0,2.0
0.0,1.0
-2.0,0.0
-10.0,5.0
-1.0,0.0
0.0,-3.0
-2.0,-1.0
0.0,-8.0
-2.0,-7.0
-3.0,3.0
-1.0,8.0
0.0,8.0
-2.0,0.0
-1.0,2.0
-1.0,3.0
1.0,-1.0
-1.0,3.0
1.0,1.0
-2.0,4.0
1.0,-2.0
1.0,-1.0
2.0,-3.0
2.0,2.0
3.0,2.0
1.0,-1.0
0.0,3.0
0.0,3.0
1.0,-2.0
2.0,-1.0
0.0,-2.0
-1.0,-2.0
-2.0,0.0
1.0,-1.0
-1.0,-1.0
0.0,-2.0
1.0,-1.0
-1.0,0.0
0.0,-1.0
3.0,1.0
2.0,2.0
0.0,3.0
-3.0,2.0
1.0,-2.0
0.0,0.0
-2.0,-5.0
-1.0,1.0
0.0,4.0
2.0,3.0
-1.0,4.0
0.0,3.0
-1.0,2.0
-2.0,0.0
-2.0,0.0
-2.0,-2.0
2.0,1.0
4.0,-2.0
1.0,2.0
0.0,-5.0
1.0,-4.0
1.0,0.0
0.0,-6.0
0.0,-4.0
0.0,-2.0
1.0,0.0
0.0,-2.0
2.0,0.0
-30.0,30.0
3.0,4.0
3.0,2.0
1.0,2.0
-1.0,-3.0
-1.0,-2.0
-3.0,2.0
-1.0,-1.0
0.0,0.0
1.0,-3.0
1.0,-1.0
1.0,3.0
1.0,1.0
2.0,-1.0
-1.0,4.0
0.0,4.0
1.0,1.0
2.0,-1.0
2.0,0.0
1.0,2.0
0.0,4.0
-1.0,3.0
1.0,1.0
1.0,2.0
-1.0,1.0
-1.0,3.0
0.0,1.0
0.0,1.0
1.0,0.0
-2.0,4.0
0.0,2.0
-2.0,4.0
1.0,-1.0
1.0,-2.0
-1.0,3.0
0.0,1.0
-2.0,1.0
-2.0,3.0
-1.0,6.0
-1.0,1.0
-2.0,3.0
-2.0,1.0
-1.0,0.0
0.0,3.0
-2.0,3.0
-1.0,-3.0
-2.0,-1.0
-2.0,-1.0
0.0,-4.0
0.0,-3.0
-2.0,-4.0
0.0,-6.0
0.0,0.0
0.0,-3.0
2.0,0.0
-1.0,5.0
2.0,-1.0
2.0,-1.0
0.0,0.0
3.0,-1.0
-3.0,-2.0
0.0,-4.0
-2.0,0.0
-1.0,-3.0
-1.0,2.0
-1.0,-3.0
-1.0,-2.0
0.0,-1.0
-1.0,-2.0
-1.0,-2.0
-1.0,-5.0
1.0,-4.0
-2.0,1.0
-2.0,-2.0
-5.0,2.0
1.0,3.0
1.0,0.0
-1.0,3.0
-2.0,5.0
1.0,2.0
-1.0,4.0
-2.0,-3.0
-4.0,2.0
-1.0,-1.0
-2.0,-3.0
0.0,-1.0
-3.0,2.0
3.0,0.0
-2.0,4.0
1.0,-1.0
-1.0,-1.0
2.0,-1.0
1.0,-1.0
1.0,2.0
-3.0,5.0
3.0,1.0
-3.0,6.0
0.0,-1.0
0.0,2.0
-3.0,6.0
0.0,1.0
1.0,1.0
-3.0,5.0
1.0,-2.0
-1.0,-2.0
1.0,-4.0
1.0,2.0
0.0,3.0
0.0,2.0
1.0,1.0
0.0,1.0
3.0,1.0
2.0,3.0
-2.0,2.0
0.0,3.0
2.0,-11.0
-4.0,3.0
-1.0,1.0
0.0,2.0
-1.0,-5.0
-1.0,-2.0
0.0,-3.0
-1.0,-4.0
-2.0,1.0
1.0,-6.0
0.0,-1.0
1.0,-2.0
0.0,5.0
3.0,1.0
2.0,-1.0
1.0,-3.0
-2.0,0.0
-2.0,1.0
-3.0,0.0
-1.0,-2.0
0.0,-2.0
0.0,-1.0
-1.0,3.0
-1.0,-2.0
0.0,-6.0
-1.0,-3.0
-1.0,-3.0
-1.0,-2.0
-2.0,-3.0
-1.0,-3.0
-1.0,-5.0
-2.0,-3.0
-1.0,-3.0
0.0,-3.0
-1.0,-2.0
1.0,-1.0
-1.0,-4.0
-5.0,1.0
-3.0,-6.0
0.0,0.0
0.0,0.0
1.0,1.0
1.0,1.0
1.0,3.0
4.0,1.0
4.0,1.0
3.0,3.0
0.0,-2.0
-2.0,3.0
1.0,1.0
0.0,-3.0
0.0,-5.0
-5.0,2.0
-2.0,0.0
-2.0,1.0
-3.0,-2.0
-3.0,0.0
-1.0,-3.0
2.0,-3.0
-1.0,0.0
2.0,-1.0
0.0,-1.0
-3.0,2.0
-1.0,0.0
-1.0,-1.0
0.0,-2.0
2.0,-3.0
-5.0,-3.0
-3.0,-8.0
0.0,-1.0
-3.0,3.0
-1.0,-4.0
0.0,-4.0
1.0,-5.0
-3.0,1.0
-2.0,8.0
0.0,6.0
1.0,2.0
0.0,3.0
-1.0,5.0
2.0,2.0
-3.0,0.0
3.0,0.0
0.0,-1.0
-2.0,6.0
1.0,0.0
-4.0,4.0
-1.0,-3.0
-1.0,0.0
-1.0,3.0
-1.0,-1.0
-3.0,2.0
0.0,-2.0
-3.0,0.0
-4.0,1.0
-2.0,0.0
0.0,3.0
1.0,2.0
0.0,4.0
1.0,0.0
-1.0,7.0
-1.0,0.0
0.0,-3.0
0.0,0.0
-1.0,1.0
30.0,4.0
1.0,1.0
-2.0,5.0
1.0,3.0
0.0,5.0
0.0,-3.0
-3.0,-2.0
0.0,-1.0
-1.0,-1.0
0.0,2.0
-1.0,1.0
1.0,-2.0
-3.0,1.0
-2.0,0.0
-2.0,0.0
0.0,-1.0
0.0,0.0
0.0,3.0
-1.0,2.0
-3.0,4.0
-2.0,-2.0
0.0,-2.0
-1.0,-2.0
-3.0,5.0
0.0,-1.0
-1.0,0.0
-1.0,0.0
0.0,0.0
2.0,0.0
0.0,1.0
3.0,7.0
2.0,-1.0
2.0,2.0
3.0,3.0
2.0,1.0
1.0,1.0
0.0,2.0
2.0,1.0
0.0,-3.0
-1.0,4.0
1.0,-3.0
1.0,0.0
1.0,1.0
-4.0,0.0
2.0,-9.0
-4.0,1.0
0.0,-2.0
-1.0,-3.0
-25.0,30.0
0.0,7.0
-25.0,29.0
30.0,27.0
0.0,0.0
-2.0,-2.0
-2.0,0.0
-2.0,8.0
-3.0,5.0
-2.0,6.0
0.0,-3.0
2.0,-3.0
1.0,-3.0
1.0,-3.0
0.0,0.0
-1.0,1.0
0.0,1.0
-1.0,2.0
1.0,1.0
-3.0,2.0
-4.0,1.0
-1.0,2.0
0.0,0.0
1.0,-3.0
1.0,-2.0
0.0,-3.0
0.0,-1.0
2.0,-3.0
3.0,-4.0
1.0,-2.0
2.0,-1.0
-1.0,3.0
3.0,-3.0
1.0,-2.0
-1.0,2.0
2.0,-3.0
2.0,-3.0
-1.0,-6.0
0.0,-6.0
-2.0,-2.0
-1.0,-1.0
-1.0,-3.0
-2.0,-3.0
-5.0,3.0
-4.0,5.0
-3.0,-2.0
-2.0,6.0
3.0,0.0
3.0,1.0
2.0,1.0
4.0,-1.0
2.0,-1.0
-2.0,3.0
-1.0,4.0
0.0,1.0
1.0,-2.0
0.0,-2.0
-14.0,7.0
2.0,1.0
-2.0,0.0
2.0,-1.0
2.0,-3.0
-6.0,9.0
-1.0,3.0
0.0,-1.0
0.0,-10.0
1.0,-3.0
1.0,0.0
0.0,-1.0
-2.0,5.0
2.0,2.0
-5.0,4.0
1.0,0.0
0.0,-1.0
0.0,0.0
1.0,4.0
-4.0,4.0
1.0,-2.0
-3.0,1.0
1.0,-2.0
0.0,5.0
3.0,-3.0
-1.0,3.0
3.0,-2.0
-2.0,2.0
0.0,-1.0
0.0,-1.0
2.0,1.0
4.0,2.0
3.0,3.0
-1.0,-2.0
-2.0,0.0
2.0,0.0
2.0,-1.0
1.0,2.0
1.0,7.0
1.0,7.0
3.0,1.0
2.0,2.0
4.0,1.0
2.0,2.0
2.0,7.0
1.0,1.0
1.0,5.0
-3.0,-6.0
-2.0,-4.0
-1.0,3.0
0.0,2.0
0.0,-1.0
-2.0,4.0
0.0,-1.0
-2.0,-1.0
-3.0,0.0
-2.0,-2.0
0.0,3.0
-3.0,-11.0
-1.0,-4.0
-1.0,-2.0
0.0,-4.0
0.0,-2.0
0.0,-2.0
-2.0,3.0
-1.0,1.0
0.0,-6.0
-3.0,0.0
-1.0,-6.0
-4.0,2.0
-1.0,-2.0
1.0,-3.0
1.0,0.0
-1.0,0.0
-1.0,0.0
0.0,-3.0
1.0,0.0
0.0,1.0
2.0,-2.0
2.0,2.0
-1.0,0.0
1.0,0.0
2.0,-4.0
1.0,-1.0
2.0,-1.0
-1.0,2.0
-2.0,4.0
1.0,0.0
1.0,2.0
3.0,3.0
0.0,4.0
0.0,2.0
-1.0,2.0
2.0,8.0
0.0,1.0
2.0,-3.0
-1.0,1.0
-2.0,-1.0
-1.0,0.0
-2.0,0.0
0.0,6.0
1.0,2.0
-1.0,-1.0
-1.0,-1.0
-1.0,3.0
0.0,0.0
2.0,1.0
-2.0,1.0
1.0,1.0
2.0,-3.0
2.0,-5.0
0.0,-1.0
2.0,3.0
-1.0,4.0
1.0,2.0
4.0,0.0
-2.0,-1.0
-3.0,5.0
-1.0,2.0
-1.0,1.0
3.0,8.0
-1.0,5.0
3.0,-2.0
2.0,-9.0
0.0,-4.0
1.0,2.0
2.0,0.0
-2.0,4.0
0.0,3.0
0.0,2.0
2.0,3.0
-1.0,2.0
0.0,-1.0
1.0,0.0
-1.0,5.0
-1.0,5.0
1.0,-1.0
0.0,-2.0
1.0,-4.0
1.0,-2.0
0.0,-1.0
-1.0,6.0
2.0,-2.0
-1.0,-2.0
-1.0,-3.0
-1.0,-4.0
-1.0,-2.0
0.0,0.0
1.0,-5.0
1.0,-8.0
1.0,0.0
-1.0,-2.0
0.0,-10.0
1.0,1.0
0.0,-4.0
1.0,2.0
3.0,1.0
0.0,-3.0
1.0,1.0
-3.0,4.0
-1.0,0.0
-1.0,-2.0
0.0,-3.0
-4.0,4.0
-1.0,-4.0
-1.0,2.0
-3.0,6.0
-29.0,19.0
1.0,1.0
3.0,-5.0
0.0,-1.0
-3.0,6.0
0.0,0.0
-1.0,5.0
1.0,0.0
-1.0,4.0
-1.0,-1.0
1.0,-1.0
0.0,0.0
-1.0,-2.0
-1.0,-4.0
-2.0,-1.0
-2.0,2.0
-3.0,5.0
2.0,-2.0
-15.0,0.0
2.0,4.0
3.0,-1.0
2.0,-1.0
1.0,0.0
1.0,0.0
2.0,-2.0
3.0,1.0
4.0,2.0
1.0,-2.0
2.0,-3.0
-2.0,5.0
0.0,0.0
-2.0,5.0
1.0,-1.0
-1.0,-2.0
0.0,0.0
0.0,0.0
-1.0,-1.0
-2.0,5.0
1.0,2.0
-1.0,0.0
-28.0,12.0
0.0,1.0
1.0,-16.0
-1.0,1.0
15.0,3.0
13.0,-1.0
-1.0,-3.0
-1.0,-4.0
1.0,-3.0
2.0,1.0
1.0,-1.0
1.0,-1.0
0.0,2.0
-2.0,4.0
-2.0,0.0
5.0,2.0
2.0,-1.0
3.0,0.0
1.0,5.0
-2.0,8.0
0.0,-6.0
-3.0,3.0
-1.0,0.0
3.0,3.0
-2.0,-1.0
0.0,-1.0
-1.0,4.0
0.0,-5.0
-1.0,-4.0
-1.0,-1.0
-2.0,-6.0
-2.0,-3.0
1.0,4.0
3.0,4.0
0.0,3.0
-4.0,8.0
-3.0,8.0
1.0,0.0
1.0,1.0
1.0,1.0
2.0,-3.0
1.0,1.0
2.0,1.0
1.0,-4.0
-1.0,5.0
1.0,-4.0
1.0,-2.0
2.0,-5.0
-1.0,0.0
4.0,5.0
0.0,-1.0
1.0,0.0
1.0,0.0
1.0,1.0
0.0,0.0
1.0,0.0
-1.0,2.0
1.0,1.0
1.0,1.0
0.0,1.0
1.0,-4.0
0.0,3.0
-1.0,1.0
-22.0,6.0
-23.0,1.0
-21.0,6.0
-1.0,-2.0
2.0,-3.0
1.0,3.0
2.0,-2.0
0.0,-1.0
0.0,-4.0
1.0,-4.0
0.0,-6.0
-1.0,-4.0
1.0,4.0
-2.0,-1.0
-1.0,0.0
0.0,-2.0
-1.0,-3.0
0.0,-2.0
0.0,-4.0
-1.0,-2.0
-1.0,7.0
4.0,3.0
3.0,-2.0
4.0,-9.0
3.0,-3.0
3.0,-2.0
1.0,-2.0
2.0,0.0
-1.0,3.0
0.0,-4.0
1.0,0.0
-1.0,-2.0
1.0,-1.0
-2.0,0.0
1.0,-1.0
1.0,0.0
3.0,-3.0
2.0,0.0
3.0,-1.0
5.0,-1.0
2.0,2.0
-1.0,4.0
2.0,1.0
0.0,2.0
1.0,4.0
1.0,0.0
1.0,-2.0
0.0,3.0
1.0,-2.0
1.0,-1.0
0.0,1.0
0.0,3.0
-2.0,4.0
0.0,0.0
-1.0,1.0
-2.0,-1.0
-4.0,4.0
-3.0,-2.0
-4.0,0.0
-4.0,-4.0
-5.0,-4.0
-4.0,-5.0
-1.0,3.0
-1.0,-1.0
-2.0,-6.0
-1.0,-1.0
-1.0,2.0
-1.0,-2.0
-1.0,2.0
-2.0,-4.0
-2.0,-1.0
-1.0,0.0
0.0,1.0
0.0,0.0
0.0,-2.0
0.0,2.0
0.0,2.0
0.0,-3.0
-1.0,-3.0
0.0,0.0
-2.0,-5.0
-1.0,1.0
1.0,-3.0
0.0,-2.0
2.0,-9.0
0.0,-6.0
0.0,-2.0
-2.0,1.0
1.0,-2.0
0.0,-1.0
0.0,-2.0
2.0,-2.0
3.0,4.0
0.0,0.0
-1.0,-9.0
-1.0,-2.0
-2.0,1.0
2.0,3.0
0.0,-1.0
-1.0,3.0
0.0,-2.0
3.0,-3.0
2.0,-1.0
0.0,-2.0
0.0,-10.0
2.0,1.0
0.0,5.0
2.0,1.0
2.0,3.0
2.0,4.0
2.0,-1.0
3.0,2.0
2.0,0.0
1.0,2.0
0.0,1.0
0.0,0.0
0.0,0.0
2.0,1.0
1.0,1.0
-25.0,2.0
0.0,-2.0
0.0,-3.0
2.0,3.0
0.0,0.0
1.0,3.0
0.0,0.0
0.0,0.0
1.0,0.0
0.0,5.0
0.0,4.0
0.0,7.0
2.0,0.0
1.0,0.0
-1.0,-3.0
-3.0,1.0
-2.0,-3.0
-1.0,-6.0
2.0,-1.0
-1.0,-3.0
1.0,2.0
0.0,2.0
-1.0,1.0
-1.0,-2.0
-1.0,0.0
-1.0,0.0
0.0,0.0
0.0,-1.0
1.0,-2.0
1.0,-1.0
1.0,0.0
1.0,-2.0
0.0,-1.0
2.0,4.0
2.0,-3.0
0.0,-1.0
3.0,2.0
-2.0,6.0
0.0,-1.0
-1.0,0.0
2.0,1.0
4.0,4.0
5.0,-3.0
4.0,-1.0
6.0,-1.0
1.0,2.0
0.0,3.0
-1.0,1.0
-1.0,4.0
0.0,5.0
-30.0,22.0
2.0,1.0
-1.0,0.0
0.0,0.0
0.0,0.0
0.0,1.0
-2.0,3.0
0.0,-1.0
1.0,1.0
0.0,-1.0
-1.0,-1.0
1.0,-1.0
3.0,1.0
2.0,-1.0
2.0,1.0
2.0,-1.0
2.0,-1.0
-2.0,-1.0
-1.0,0.0
1.0,2.0
2.0,0.0
0.0,0.0
1.0,3.0
0.0,-2.0
0.0,-2.0
0.0,0.0
3.0,1.0
3.0,1.0
1.0,-1.0
1.0,-3.0
0.0,-3.0
0.0,-2.0
0.0,-5.0
1.0,-1.0
1.0,-3.0
-2.0,4.0
-1.0,-2.0
-1.0,-1.0
-2.0,-2.0
-5.0,4.0
-2.0,-4.0
-1.0,0.0
-1.0,-3.0
-1.0,4.0
0.0,0.0
0.0,0.0
3.0,5.0
-26.0,-7.0
-3.0,-1.0
-3.0,-6.0
-2.0,-1.0
-1.0,-6.0
-1.0,3.0
-1.0,-1.0
-1.0,-3.0
3.0,4.0
2.0,-1.0
-1.0,1.0
0.0,0.0
-2.0,5.0
3.0,2.0
0.0,-1.0
-21.0,-1.0
0.0,6.0
2.0,-1.0
1.0,5.0
-2.0,3.0
-3.0,8.0
-1.0,3.0
0.0,-2.0
0.0,-1.0
-1.0,-1.0
-1.0,-3.0
-1.0,-2.0
-1.0,-3.0
0.0,0.0
-1.0,-8.0
1.0,2.0
0.0,0.0
0.0,1.0
1.0,-2.0
0.0,0.0
-3.0,7.0
0.0,1.0
0.0,2.0
-1.0,9.0
0.0,0.0
-2.0,6.0
0.0,1.0
1.0,6.0
4.0,-2.0
2.0,0.0
-1.0,-3.0
-1.0,3.0
-2.0,0.0
0.0,0.0
-2.0,-2.0
-3.0,-3.0
0.0,4.0
-3.0,-4.0
-2.0,6.0
-2.0,2.0
-1.0,1.0
2.0,0.0
-24.0,21.0
0.0,0.0
-1.0,-4.0
-1.0,0.0
0.0,-2.0
0.0,0.0
-1.0,-6.0
1.0,-2.0
-2.0,0.0
0.0,1.0
0.0,-1.0
2.0,1.0
1.0,-4.0
1.0,1.0
1.0,0.0
2.0,-12.0
-2.0,-3.0
0.0,0.0
-2.0,0.0
1.0,-5.0
0.0,-3.0
1.0,-2.0
0.0,0.0
-1.0,-2.0
-1.0,-6.0
2.0,-4.0
-1.0,-2.0
0.0,-2.0
0.0,0.0
0.0,-2.0
2.0,4.0
2.0,1.0
2.0,2.0
-2.0,-2.0
-1.0,1.0
0.0,0.0
-1.0,-3.0
1.0,5.0
3.0,1.0
2.0,1.0
-1.0,-3.0
0.0,-1.0
0.0,-1.0
-2.0,-1.0
0.0,-3.0
0.0,-4.0
1.0,-4.0
1.0,-1.0
-2.0,-6.0
0.0,-1.0
-1.0,-3.0
-2.0,-9.0
-2.0,-6.0
0.0,-9.0
0.0,-4.0
0.0,-6.0
1.0,-4.0
1.0,2.0
1.0,-3.0
1.0,-5.0
1.0,-11.0
1.0,0.0
3.0,-3.0
0.0,-3.0
1.0,-3.0
2.0,-8.0
1.0,-4.0
2.0,-3.0
-1.0,-2.0
0.0,-5.0
-2.0,2.0
0.0,-4.0
0.0,0.0
1.0,4.0
-1.0,6.0
-3.0,6.0
2.0,1.0
3.0,0.0
3.0,6.0
2.0,0.0
2.0,-1.0
-27.0,27.0
-1.0,-2.0
0.0,0.0
-3.0,4.0
1.0,0.0
2.0,3.0
0.0,4.0
0.0,2.0
-1.0,-6.0
-1.0,-4.0
-1.0,-7.0
0.0,0.0
0.0,-3.0
1.0,-6.0
1.0,1.0
0.0,3.0
-1.0,1.0
-3.0,2.0
-1.0,0.0
-2.0,2.0
2.0,2.0
-2.0,-2.0
-2.0,-2.0
1.0,4.0
0.0,-2.0
0.0,-1.0
1.0,2.0
-1.0,-3.0
4.0,1.0
2.0,2.0
2.0,0.0
1.0,-1.0
2.0,1.0
0.0,0.0
1.0,4.0
2.0,1.0
2.0,0.0
1.0,1.0
-1.0,4.0
-1.0,3.0
-1.0,1.0
-3.0,3.0
-1.0,1.0
0.0,-2.0
0.0,0.0
0.0,6.0
1.0,1.0
4.0,1.0
5.0,9.0
2.0,1.0
3.0,1.0
1.0,9.0
2.0,1.0
-1.0,0.0
-2.0,-4.0
-1.0,2.0
1.0,-6.0
3.0,-2.0
-30.0,30.0
0.0,-1.0
-1.0,0.0
-1.0,-2.0
2.0,2.0
4.0,-2.0
-2.0,9.0
-1.0,-1.0
3.0,-4.0
1.0,1.0
0.0,-3.0
0.0,-5.0
0.0,-1.0
-1.0,-1.0
1.0,-2.0
0.0,0.0
29.0,0.0
1.0,1.0
1.0,-4.0
0.0,-1.0
1.0,-3.0
10.0,4.0
8.0,4.0
1.0,0.0
1.0,3.0
4.0,-1.0
6.0,1.0
-26.0,6.0
3.0,0.0
-1.0,-3.0
-3.0,6.0
-1.0,0.0
0.0,-6.0
1.0,1.0
4.0,-1.0
2.0,-2.0
0.0,-1.0
-3.0,6.0
1.0,-1.0
0.0,-1.0
30.0,30.0
2.0,-3.0
-23.0,27.0
0.0,1.0
2.0,-10.0
0.0,0.0
1.0,2.0
1.0,-1.0
-21.0,8.0
-21.0,9.0
2.0,-2.0
1.0,-1.0
-2.0,4.0
5.0,-1.0
5.0,-11.0
4.0,-4.0
3.0,-7.0
-2.0,2.0
-29.0,28.0
-1.0,1.0
-3.0,6.0
3.0,0.0
4.0,3.0
0.0,6.0
1.0,4.0
-1.0,2.0
-1.0,3.0
-3.0,7.0
1.0,1.0
-2.0,1.0
1.0,2.0
5.0,0.0
1.0,-2.0
3.0,3.0
-1.0,0.0
2.0,0.0
4.0,0.0
3.0,1.0
4.0,4.0
-1.0,0.0
0.0,1.0
0.0,0.0
-1.0,-1.0
0.0,3.0
-1.0,-1.0
3.0,9.0
0.0,-1.0
1.0,0.0
0.0,-1.0
3.0,0.0
3.0,-2.0
0.0,2.0
-1.0,2.0
-1.0,0.0
-2.0,-6.0
-3.0,-1.0
-2.0,-6.0
-2.0,6.0
0.0,4.0
-26.0,19.0
0.0,2.0
1.0,2.0
0.0,3.0
-1.0,-9.0
15.0,5.0
-24.0,17.0
-2.0,4.0
25.0,-25.0
2.0,5.0
-1.0,1.0
-1.0,3.0
-4.0,4.0
2.0,-4.0
2.0,-8.0
-23.0,-7.0
0.0,-3.0
0.0,-6.0
0.0,-2.0
1.0,-4.0
-1.0,-1.0
0.0,-1.0
1.0,1.0
-2.0,0.0
-1.0,1.0
-3.0,2.0
0.0,1.0
8.0,8.0
1.0,-1.0
1.0,-2.0
-2.0,-3.0
-3.0,-2.0
1.0,0.0
-1.0,0.0
1.0,-3.0
2.0,4.0
-26.0,11.0
14.0,-1.0
7.0,2.0
0.0,7.0
2.0,6.0
0.0,-1.0
-26.0,-6.0
-21.0,8.0
-28.0,8.0
-1.0,-4.0
3.0,-6.0
0.0,-5.0
-1.0,-3.0
-1.0,-4.0
0.0,-6.0
-2.0,-1.0
-2.0,-2.0
2.0,3.0
27.0,0.0
-26.0,6.0
-30.0,21.0
-2.0,3.0
-3.0,1.0
-3.0,-4.0
-1.0,1.0
-2.0,4.0
-4.0,9.0
-1.0,9.0
-2.0,7.0
-1.0,10.0
-1.0,2.0
3.0,3.0
