-2.0,-3.0
-1.0,-3.0
0.0,-1.0
1.0,-2.0
1.0,0.0
-1.0,-1.0
1.0,2.0
0.0,3.0
1.0,0.0
0.0,-2.0
1.0,-2.0
0.0,-1.0
-2.0,-1.0
-3.0,-3.0
-3.0,-1.0
-2.0,1.0
-1.0,1.0
1.0,0.0
1.0,0.0
-1.0,-2.0
1.0,0.0
-2.0,-1.0
4.0,-10.0
1.0,1.0
0.0,1.0
0.0,-10.0
1.0,2.0
1.0,-10.0
-1.0,-1.0
0.0,-1.0
-1.0,-2.0
1.0,1.0
0.0,-2.0
-1.0,-3.0
1.0,-1.0
1.0,-2.0
-2.0,-1.0
0.0,-1.0
0.0,2.0
0.0,0.0
1.0,-5.0
-2.0,-1.0
-2.0,0.0
0.0,1.0
0.0,2.0
-1.0,-1.0
0.0,8.0
-3.0,8.0
1.0,1.0
-6.0,0.0
0.0,-3.0
0.0,4.0
1.0,-1.0
2.0,0.0
-1.0,2.0
1.0,1.0
-4.0,3.0
2.0,4.0
1.0,1.0
0.0,-2.0
-2.0,1.0
1.0,0.0
0.0,0.0
0.0,-2.0
-1.0,-1.0
-2.0,0.0
0.0,-1.0
-4.0,3.0
1.0,1.0
-5.0,-1.0
0.0,0.0
-3.0,-2.0
1.0,3.0
0.0,5.0
0.0,2.0
0.0,-4.0
-1.0,0.0
1.0,-2.0
-2.0,-2.0
-3.0,0.0
-3.0,0.0
-2.0,1.0
-1.0,-2.0
-2.0,-1.0
-1.0,-3.0
-1.0,0.0
-1.0,-2.0
-1.0,-1.0
-2.0,-1.0
-1.0,-3.0
0.0,2.0
-5.0,2.0
0.0,2.0
1.0,4.0
1.0,3.0
1.0,3.0
0.0,2.0
2.0,3.0
0.0,-1.0
-2.0,-1.0
-2.0,-2.0
0.0,-2.0
-1.0,-1.0
-2.0,-2.0
0.0,0.0
-1.0,-2.0
0.0,0.0
-1.0,-1.0
0.0,-2.0
-1.0,-1.0
-1.0,-1.0
-1.0,-1.0
-2.0,-1.0
-2.0,-2.0
0.0,2.0
0.0,4.0
1.0,2.0
-6.0,0.0
0.0,2.0
0.0,2.0
1.0,2.0
-2.0,2.0
-1.0,-1.0
1.0,-1.0
-4.0,1.0
-4.0,-2.0
0.0,-3.0
-1.0,-8.0
1.0,-10.0
1.0,1.0
-1.0,4.0
2.0,4.0
1.0,2.0
0.0,-1.0
2.0,3.0
0.0,0.0
0.0,1.0
-1.0,-2.0
1.0,3.0
0.0,3.0
1.0,-1.0
1.0,0.0
0.0,-2.0
-1.0,-4.0
-1.0,-1.0
1.0,-3.0
0.0,-2.0
0.0,-2.0
-4.0,-1.0
23.0,18.0
1.0,0.0
-3.0,-1.0
-1.0,-5.0
0.0,4.0
1.0,6.0
1.0,8.0
0.0,-3.0
-1.0,-1.0
0.0,0.0
1.0,-1.0
0.0,2.0
-1.0,1.0
2.0,-1.0
2.0,1.0
2.0,2.0
-2.0,2.0
1.0,5.0
2.0,4.0
-5.0,0.0
-1.0,0.0
0.0,-3.0
0.0,-3.0
1.0,-1.0
0.0,-1.0
0.0,-2.0
-2.0,4.0
-1.0,-1.0
-1.0,-2.0
-1.0,0.0
2.0,2.0
-1.0,0.0
1.0,-2.0
0.0,1.0
0.0,-1.0
0.0,-1.0
0.0,-1.0
1.0,0.0
1.0,0.0
0.0,-1.0
-1.0,-2.0
-1.0,2.0
1.0,3.0
1.0,-2.0
0.0,-3.0
0.0,-2.0
0.0,-3.0
1.0,0.0
-1.0,2.0
0.0,-2.0
-7.0,-2.0
-4.0,0.0
-5.0,0.0
-2.0,2.0
2.0,5.0
1.0,0.0
-3.0,-1.0
-1.0,-2.0
-3.0,-2.0
-2.0,-2.0
-1.0,-2.0
-6.0,-1.0
-2.0,-4.0
0.0,0.0
1.0,-2.0
-1.0,-1.0
0.0,-1.0
0.0,-1.0
0.0,-1.0
-1.0,-3.0
-1.0,-1.0
-1.0,-3.0
1.0,-2.0
1.0,-2.0
1.0,0.0
0.0,0.0
0.0,2.0
-1.0,1.0
1.0,-3.0
1.0,0.0
-1.0,-1.0
0.0,1.0
-1.0,-1.0
1.0,0.0
1.0,1.0
1.0,-2.0
0.0,-3.0
1.0,-2.0
0.0,-2.0
-5.0,-1.0
-3.0,-3.0
-1.0,-1.0
0.0,-1.0
-1.0,-3.0
1.0,1.0
0.0,-4.0
0.0,-3.0
0.0,-1.0
-5.0,-1.0
0.0,2.0
0.0,3.0
-1.0,2.0
-2.0,2.0
-1.0,1.0
-3.0,2.0
0.0,3.0
0.0,6.0
0.0,3.0
0.0,3.0
-2.0,2.0
3.0,5.0
2.0,5.0
2.0,-10.0
1.0,0.0
1.0,1.0
0.0,-2.0
0.0,-1.0
1.0,-3.0
1.0,4.0
0.0,3.0
0.0,1.0
-1.0,0.0
1.0,0.0
0.0,-1.0
-1.0,-1.0
0.0,-1.0
-2.0,-1.0
2.0,0.0
0.0,1.0
-1.0,26.0
0.0,2.0
0.0,1.0
0.0,-2.0
-3.0,-1.0
-1.0,-2.0
-3.0,-1.0
0.0,-1.0
-1.0,-3.0
-1.0,2.0
-1.0,-1.0
0.0,-14.0
0.0,0.0
1.0,-1.0
0.0,-1.0
0.0,3.0
0.0,2.0
0.0,0.0
-2.0,3.0
0.0,-1.0
1.0,2.0
-1.0,1.0
0.0,-2.0
-1.0,0.0
-1.0,1.0
-2.0,-3.0
-1.0,-2.0
-2.0,-2.0
-2.0,1.0
0.0,-2.0
-2.0,-4.0
0.0,0.0
-2.0,-1.0
-2.0,0.0
0.0,0.0
-1.0,0.0
-4.0,-1.0
2.0,4.0
-5.0,2.0
0.0,3.0
-2.0,3.0
0.0,3.0
-2.0,0.0
-1.0,1.0
1.0,1.0
30.0,11.0
-1.0,0.0
0.0,-2.0
28.0,7.0
-6.0,-1.0
0.0,-2.0
-1.0,-1.0
-1.0,0.0
-2.0,-1.0
0.0,30.0
3.0,25.0
1.0,1.0
0.0,-1.0
-1.0,0.0
-1.0,2.0
-1.0,0.0
-1.0,0.0
1.0,6.0
8.0,30.0
1.0,-14.0
-1.0,-10.0
-1.0,1.0
0.0,0.0
0.0,3.0
2.0,-1.0
1.0,-1.0
0.0,-2.0
0.0,-2.0
1.0,1.0
1.0,4.0
1.0,0.0
2.0,0.0
-1.0,0.0
0.0,-2.0
0.0,0.0
0.0,0.0
0.0,1.0
1.0,-1.0
0.0,3.0
-1.0,-2.0
2.0,2.0
-2.0,0.0
1.0,2.0
0.0,1.0
0.0,2.0
0.0,1.0
-1.0,2.0
-1.0,3.0
0.0,3.0
-1.0,4.0
0.0,2.0
0.0,2.0
2.0,-1.0
1.0,-1.0
-1.0,1.0
-1.0,0.0
-1.0,0.0
0.0,0.0
0.0,-3.0
-1.0,-4.0
0.0,-2.0
-1.0,0.0
-2.0,4.0
0.0,2.0
2.0,1.0
2.0,-3.0
0.0,-4.0
0.0,-1.0
-1.0,-2.0
0.0,-4.0
0.0,2.0
0.0,0.0
1.0,2.0
0.0,2.0
-1.0,-1.0
-2.0,1.0
1.0,4.0
-1.0,1.0
0.0,1.0
-1.0,-2.0
1.0,-1.0
-2.0,1.0
2.0,0.0
3.0,-11.0
0.0,0.0
-1.0,0.0
0.0,-2.0
12.0,-2.0
9.0,-4.0
2.0,0.0
-2.0,8.0
2.0,2.0
-1.0,-3.0
1.0,0.0
-1.0,-2.0
-8.0,-2.0
-1.0,1.0
0.0,3.0
-1.0,2.0
-1.0,1.0
-8.0,30.0
-1.0,1.0
-9.0,28.0
-8.0,25.0
0.0,-3.0
-1.0,-1.0
-1.0,-2.0
0.0,-2.0
-1.0,-3.0
-1.0,-2.0
28.0,-4.0
1.0,-2.0
0.0,-2.0
0.0,-2.0
-1.0,-2.0
-1.0,-2.0
0.0,0.0
1.0,-3.0
-1.0,-1.0
0.0,-1.0
-3.0,-6.0
-2.0,2.0
1.0,2.0
1.0,4.0
-1.0,-9.0
0.0,2.0
-2.0,-1.0
-2.0,1.0
-2.0,-1.0
-2.0,0.0
-2.0,-1.0
-2.0,-1.0
-1.0,-2.0
-2.0,-3.0
0.0,1.0
0.0,-1.0
1.0,-1.0
-1.0,-2.0
-1.0,-2.0
0.0,3.0
0.0,-1.0
0.0,-2.0
-3.0,-1.0
-1.0,0.0
0.0,-3.0
0.0,-2.0
-2.0,-1.0
-9.0,0.0
-4.0,-1.0
-1.0,0.0
-3.0,-1.0
-1.0,0.0
-2.0,0.0
-1.0,-1.0
-1.0,2.0
0.0,1.0
-1.0,25.0
-3.0,1.0
-2.0,-4.0
-1.0,0.0
-1.0,0.0
0.0,0.0
-1.0,-1.0
-1.0,-5.0
0.0,-5.0
-1.0,4.0
0.0,1.0
-2.0,4.0
0.0,-1.0
1.0,-3.0
-2.0,-2.0
-1.0,-2.0
0.0,-1.0
0.0,0.0
-1.0,1.0
-5.0,2.0
0.0,1.0
-1.0,2.0
1.0,3.0
27.0,-7.0
1.0,1.0
1.0,-2.0
0.0,-3.0
0.0,-4.0
0.0,0.0
-2.0,0.0
-1.0,-1.0
-1.0,1.0
0.0,1.0
2.0,-1.0
0.0,-1.0
-11.0,-3.0
-2.0,-2.0
-1.0,-3.0
1.0,1.0
0.0,0.0
1.0,-1.0
-2.0,-1.0
-2.0,0.0
29.0,4.0
0.0,2.0
0.0,0.0
0.0,0.0
0.0,0.0
-1.0,-3.0
1.0,-1.0
0.0,-2.0
0.0,-2.0
0.0,-1.0
-1.0,-3.0
-1.0,2.0
0.0,-1.0
0.0,-3.0
-1.0,2.0
0.0,5.0
-1.0,4.0
1.0,4.0
2.0,4.0
2.0,2.0
0.0,-1.0
-1.0,1.0
1.0,-4.0
-7.0,-3.0
-2.0,-2.0
-1.0,-3.0
-3.0,-1.0
-1.0,0.0
-3.0,-3.0
-2.0,-3.0
-3.0,-3.0
-1.0,-4.0
0.0,5.0
0.0,4.0
2.0,3.0
-30.0,-30.0
0.0,3.0
1.0,4.0
2.0,3.0
0.0,1.0
1.0,-2.0
-1.0,0.0
10.0,-10.0
8.0,-8.0
2.0,-9.0
3.0,-9.0
2.0,1.0
-2.0,-1.0
-10.0,0.0
0.0,0.0
-9.0,-2.0
-2.0,2.0
1.0,3.0
-1.0,2.0
-3.0,-3.0
0.0,-5.0
0.0,-2.0
-1.0,-3.0
0.0,-3.0
-1.0,-5.0
-4.0,3.0
-1.0,-1.0
0.0,2.0
0.0,0.0
2.0,-1.0
2.0,0.0
0.0,-1.0
1.0,2.0
-5.0,0.0
-2.0,1.0
-3.0,-1.0
-8.0,-3.0
1.0,0.0
0.0,-1.0
0.0,1.0
0.0,-2.0
0.0,0.0
1.0,-2.0
-1.0,-2.0
0.0,2.0
-2.0,-2.0
0.0,-4.0
1.0,2.0
-1.0,1.0
0.0,2.0
-1.0,2.0
-2.0,5.0
2.0,-9.0
0.0,3.0
1.0,8.0
0.0,4.0
1.0,1.0
1.0,3.0
0.0,2.0
0.0,1.0
-1.0,-1.0
1.0,-2.0
2.0,2.0
-6.0,-1.0
-5.0,-4.0
-1.0,-2.0
0.0,0.0
1.0,0.0
1.0,-1.0
0.0,0.0
-1.0,0.0
-1.0,-1.0
-1.0,4.0
0.0,1.0
15.0,29.0
-10.0,0.0
1.0,3.0
0.0,2.0
0.0,5.0
1.0,5.0
0.0,5.0
-1.0,3.0
-1.0,1.0
-1.0,1.0
-4.0,1.0
-2.0,2.0
1.0,3.0
2.0,4.0
-1.0,0.0
0.0,2.0
2.0,2.0
-1.0,1.0
-1.0,2.0
0.0,3.0
1.0,4.0
-1.0,3.0
2.0,3.0
0.0,0.0
2.0,4.0
-1.0,-3.0
-2.0,1.0
-2.0,3.0
2.0,4.0
3.0,12.0
1.0,2.0
2.0,3.0
2.0,-1.0
3.0,1.0
0.0,-3.0
-3.0,-2.0
1.0,-2.0
0.0,-4.0
-1.0,-1.0
-3.0,0.0
0.0,0.0
0.0,-1.0
1.0,0.0
-1.0,7.0
0.0,4.0
-3.0,-2.0
1.0,-2.0
0.0,-2.0
1.0,1.0
-1.0,1.0
-1.0,0.0
-1.0,1.0
-1.0,0.0
0.0,-1.0
1.0,0.0
0.0,-2.0
0.0,-1.0
-2.0,-1.0
0.0,1.0
0.0,-1.0
1.0,0.0
-1.0,0.0
-10.0,30.0
4.0,-12.0
1.0,7.0
2.0,0.0
-2.0,0.0
0.0,-1.0
-2.0,5.0
1.0,7.0
0.0,14.0
-1.0,2.0
0.0,-2.0
-1.0,0.0
30.0,12.0
-8.0,-1.0
-1.0,-2.0
-5.0,1.0
-3.0,-2.0
0.0,4.0
-3.0,5.0
-3.0,5.0
-1.0,2.0
-2.0,-1.0
1.0,1.0
-11.0,0.0
2.0,3.0
-1.0,-1.0
0.0,-1.0
0.0,-3.0
2.0,-2.0
0.0,-1.0
1.0,-2.0
2.0,0.0
0.0,-1.0
0.0,2.0
1.0,0.0
3.0,1.0
-3.0,0.0
-2.0,0.0
0.0,-1.0
-2.0,-1.0
0.0,0.0
0.0,2.0
1.0,2.0
-2.0,9.0
1.0,14.0
2.0,8.0
-1.0,6.0
1.0,4.0
2.0,2.0
-6.0,0.0
0.0,-1.0
0.0,-2.0
1.0,-2.0
3.0,-3.0
-1.0,-1.0
-2.0,-1.0
-1.0,-2.0
0.0,-2.0
2.0,-2.0
4.0,-1.0
-30.0,28.0
1.0,0.0
2.0,-1.0
1.0,-1.0
0.0,-1.0
2.0,-1.0
0.0,0.0
0.0,-10.0
1.0,1.0
3.0,1.0
2.0,2.0
0.0,-2.0
0.0,4.0
0.0,6.0
0.0,-3.0
-1.0,-2.0
-1.0,-2.0
6.0,27.0
1.0,-2.0
0.0,-3.0
0.0,-7.0
-1.0,-2.0
0.0,-3.0
0.0,-8.0
0.0,-1.0
1.0,0.0
1.0,0.0
0.0,1.0
-1.0,0.0
-1.0,2.0
0.0,8.0
-1.0,0.0
2.0,5.0
0.0,4.0
0.0,-2.0
1.0,0.0
-1.0,2.0
0.0,1.0
2.0,1.0
-1.0,1.0
2.0,1.0
-1.0,1.0
1.0,-1.0
1.0,-2.0
0.0,-1.0
-1.0,1.0
2.0,0.0
-1.0,1.0
0.0,0.0
0.0,-1.0
-1.0,-1.0
3.0,1.0
1.0,0.0
0.0,5.0
-1.0,2.0
-2.0,4.0
-1.0,3.0
-1.0,3.0
0.0,-2.0
-1.0,-3.0
0.0,-2.0
1.0,-1.0
-1.0,-3.0
-1.0,0.0
2.0,1.0
0.0,0.0
2.0,2.0
1.0,-2.0
1.0,-3.0
0.0,-3.0
2.0,-1.0
0.0,1.0
2.0,0.0
0.0,-2.0
-1.0,0.0
0.0,-1.0
1.0,1.0
-1.0,1.0
0.0,0.0
0.0,2.0
0.0,0.0
0.0,3.0
0.0,-1.0
-1.0,1.0
0.0,1.0
0.0,0.0
-1.0,0.0
0.0,-2.0
-1.0,-3.0
0.0,-1.0
0.0,1.0
0.0,2.0
-1.0,-2.0
-1.0,0.0
0.0,1.0
0.0,3.0
0.0,3.0
-1.0,0.0
1.0,1.0
0.0,-1.0
-1.0,0.0
-1.0,2.0
2.0,4.0
-1.0,1.0
-2.0,-1.0
-1.0,-12.0
-1.0,-2.0
1.0,4.0
-1.0,2.0
-1.0,2.0
5.0,0.0
0.0,0.0
0.0,2.0
1.0,2.0
2.0,-3.0
0.0,-3.0
-2.0,-4.0
1.0,2.0
1.0,4.0
1.0,3.0
0.0,3.0
0.0,0.0
0.0,-1.0
0.0,-2.0
1.0,3.0
2.0,1.0
0.0,-1.0
0.0,-3.0
0.0,-1.0
0.0,-2.0
0.0,0.0
-2.0,-2.0
-1.0,-3.0
0.0,1.0
0.0,2.0
1.0,4.0
2.0,0.0
1.0,5.0
0.0,3.0
0.0,8.0
0.0,9.0
-1.0,4.0
-1.0,-3.0
2.0,0.0
1.0,-2.0
1.0,-2.0
1.0,3.0
1.0,1.0
2.0,-1.0
-1.0,-3.0
0.0,-4.0
0.0,-1.0
0.0,-1.0
0.0,1.0
0.0,-2.0
-1.0,2.0
0.0,3.0
-1.0,-3.0
0.0,-1.0
-1.0,-3.0
4.0,1.0
1.0,2.0
-1.0,-1.0
-2.0,-1.0
0.0,0.0
-1.0,-1.0
0.0,-2.0
0.0,-1.0
-1.0,-1.0
-1.0,2.0
0.0,3.0
-1.0,3.0
0.0,-2.0
0.0,-2.0
-1.0,0.0
-1.0,-2.0
-1.0,-2.0
0.0,-2.0
0.0,-2.0
0.0,0.0
1.0,1.0
1.0,0.0
3.0,-1.0
2.0,0.0
2.0,0.0
1.0,3.0
4.0,0.0
1.0,1.0
8.0,0.0
3.0,6.0
0.0,1.0
-1.0,1.0
-2.0,-1.0
1.0,-2.0
0.0,-2.0
1.0,0.0
-2.0,-3.0
0.0,-2.0
0.0,-1.0
-1.0,-4.0
1.0,-1.0
-1.0,-2.0
1.0,-1.0
0.0,-1.0
0.0,-2.0
1.0,-2.0
-1.0,-1.0
2.0,-1.0
0.0,-3.0
-1.0,0.0
2.0,0.0
1.0,2.0
0.0,0.0
1.0,-1.0
0.0,0.0
0.0,1.0
-1.0,-2.0
0.0,-3.0
-2.0,-2.0
-1.0,-3.0
-2.0,-3.0
-1.0,-2.0
-1.0,-4.0
0.0,-1.0
-1.0,-1.0
-1.0,1.0
0.0,-1.0
0.0,-2.0
0.0,0.0
0.0,-1.0
0.0,10.0
-1.0,0.0
0.0,1.0
0.0,0.0
0.0,4.0
2.0,1.0
3.0,-1.0
-1.0,3.0
0.0,3.0
0.0,3.0
0.0,2.0
0.0,5.0
-1.0,3.0
2.0,29.0
0.0,3.0
0.0,-1.0
2.0,1.0
0.0,0.0
-2.0,-2.0
-2.0,3.0
0.0,2.0
-1.0,1.0
-1.0,3.0
1.0,2.0
0.0,-1.0
-1.0,2.0
0.0,-2.0
0.0,1.0
1.0,26.0
-1.0,1.0
2.0,25.0
1.0,1.0
3.0,3.0
1.0,1.0
2.0,2.0
0.0,-2.0
0.0,-3.0
2.0,-1.0
0.0,0.0
1.0,1.0
0.0,-3.0
3.0,-2.0
0.0,0.0
0.0,0.0
-1.0,-14.0
1.0,0.0
1.0,1.0
1.0,-1.0
6.0,2.0
2.0,2.0
1.0,-1.0
0.0,-1.0
0.0,0.0
1.0,-3.0
0.0,-2.0
-3.0,-1.0
0.0,-2.0
1.0,-2.0
1.0,-1.0
4.0,0.0
2.0,4.0
-1.0,3.0
2.0,4.0
0.0,0.0
-1.0,1.0
9.0,-4.0
12.0,-6.0
0.0,-1.0
-2.0,-1.0
6.0,-2.0
1.0,-1.0
12.0,-2.0
0.0,1.0
-4.0,25.0
0.0,-1.0
0.0,-1.0
0.0,1.0
-1.0,1.0
-2.0,-1.0
0.0,-1.0
-2.0,5.0
0.0,0.0
0.0,-1.0
0.0,-15.0
2.0,4.0
2.0,-1.0
2.0,-2.0
2.0,-3.0
1.0,-3.0
0.0,-3.0
1.0,1.0
0.0,-2.0
1.0,1.0
0.0,1.0
0.0,-1.0
22.0,-2.0
18.0,-6.0
-1.0,2.0
0.0,3.0
-1.0,5.0
-1.0,-1.0
0.0,0.0
-1.0,0.0
0.0,1.0
1.0,-3.0
0.0,0.0
1.0,0.0
-1.0,-1.0
-1.0,1.0
0.0,-1.0
0.0,-1.0
-1.0,0.0
0.0,2.0
1.0,0.0
0.0,1.0
-1.0,-1.0
1.0,1.0
1.0,1.0
1.0,1.0
2.0,3.0
-1.0,-1.0
-1.0,-2.0
0.0,-3.0
1.0,-4.0
2.0,-4.0
0.0,0.0
-1.0,-1.0
0.0,-2.0
2.0,4.0
0.0,1.0
-1.0,1.0
1.0,1.0
0.0,-2.0
-1.0,-4.0
-1.0,-4.0
-1.0,-4.0
0.0,-1.0
-1.0,-4.0
0.0,-2.0
1.0,1.0
0.0,2.0
-1.0,2.0
0.0,-1.0
-2.0,-5.0
0.0,-3.0
1.0,0.0
0.0,1.0
0.0,2.0
0.0,1.0
0.0,1.0
1.0,5.0
-1.0,-3.0
-1.0,-3.0
-3.0,0.0
-30.0,23.0
-12.0,30.0
-1.0,-13.0
-2.0,-1.0
-2.0,0.0
-1.0,-1.0
-4.0,-1.0
-3.0,-1.0
-3.0,0.0
-3.0,-1.0
-7.0,-2.0
1.0,8.0
0.0,3.0
0.0,2.0
-1.0,-1.0
-4.0,-4.0
0.0,-2.0
-2.0,-3.0
0.0,-2.0
-2.0,2.0
0.0,3.0
0.0,2.0
3.0,4.0
4.0,-2.0
1.0,0.0
0.0,-2.0
-2.0,-1.0
-2.0,0.0
-1.0,-1.0
-1.0,0.0
0.0,0.0
-1.0,-1.0
-1.0,-2.0
0.0,-2.0
-29.0,-4.0
0.0,-2.0
2.0,-2.0
0.0,-1.0
-1.0,-3.0
-1.0,-4.0
-1.0,-4.0
3.0,-2.0
0.0,-2.0
-1.0,-4.0
2.0,-2.0
0.0,-2.0
1.0,-1.0
4.0,-2.0
1.0,-4.0
0.0,-4.0
0.0,1.0
1.0,2.0
-11.0,30.0
0.0,2.0
2.0,2.0
3.0,-1.0
1.0,-2.0
-1.0,1.0
0.0,-2.0
-1.0,0.0
1.0,3.0
0.0,-2.0
1.0,0.0
1.0,-2.0
0.0,2.0
1.0,3.0
0.0,-1.0
1.0,-1.0
0.0,-2.0
3.0,-1.0
1.0,1.0
1.0,-3.0
1.0,2.0
0.0,0.0
-1.0,-3.0
-2.0,-4.0
0.0,3.0
0.0,5.0
1.0,-1.0
0.0,-5.0
1.0,4.0
0.0,2.0
-19.0,30.0
-1.0,-1.0
-1.0,4.0
0.0,1.0
0.0,-1.0
0.0,-1.0
-1.0,-1.0
0.0,-1.0
-1.0,-2.0
2.0,1.0
0.0,1.0
0.0,3.0
-1.0,0.0
1.0,-1.0
1.0,1.0
1.0,-2.0
-2.0,-3.0
-1.0,-1.0
-1.0,0.0
-29.0,-5.0
-1.0,-1.0
0.0,-3.0
-1.0,-3.0
-1.0,-3.0
-1.0,-4.0
-1.0,0.0
0.0,0.0
2.0,1.0
-1.0,1.0
0.0,-2.0
-2.0,4.0
1.0,-1.0
0.0,-1.0
-1.0,1.0
-1.0,0.0
10.0,-4.0
0.0,-1.0
-1.0,0.0
-2.0,1.0
-1.0,-2.0
0.0,-1.0
-1.0,-1.0
-1.0,1.0
-1.0,-3.0
-2.0,0.0
-30.0,3.0
-30.0,5.0
2.0,0.0
2.0,-1.0
-1.0,-1.0
0.0,0.0
0.0,0.0
0.0,-2.0
3.0,0.0
1.0,0.0
0.0,-3.0
-1.0,-2.0
0.0,0.0
0.0,4.0
0.0,3.0
-1.0,3.0
0.0,4.0
0.0,6.0
0.0,2.0
2.0,1.0
1.0,1.0
2.0,0.0
1.0,0.0
1.0,-1.0
0.0,0.0
0.0,1.0
-1.0,-1.0
-2.0,0.0
0.0,2.0
0.0,3.0
-28.0,-1.0
-1.0,-2.0
0.0,-3.0
-2.0,-3.0
0.0,0.0
-1.0,-2.0
-1.0,1.0
25.0,-30.0
-1.0,3.0
0.0,3.0
0.0,-1.0
0.0,-3.0
2.0,-3.0
0.0,-8.0
1.0,-10.0
2.0,-9.0
3.0,-9.0
1.0,-1.0
1.0,-4.0
3.0,2.0
-30.0,-1.0
-1.0,-4.0
0.0,-3.0
0.0,-1.0
0.0,-1.0
-1.0,0.0
-1.0,-2.0
-1.0,-1.0
-1.0,0.0
-1.0,2.0
1.0,-2.0
1.0,0.0
-1.0,1.0
-1.0,-1.0
-2.0,-2.0
-1.0,-1.0
-1.0,0.0
-2.0,2.0
-1.0,-3.0
-1.0,-3.0
-1.0,0.0
-1.0,-1.0
0.0,0.0
0.0,-3.0
-1.0,0.0
-2.0,-2.0
0.0,2.0
0.0,4.0
-1.0,2.0
0.0,3.0
0.0,-1.0
-1.0,5.0
-1.0,2.0
1.0,1.0
-2.0,-9.0
-1.0,2.0
-1.0,2.0
3.0,3.0
1.0,5.0
-2.0,1.0
0.0,-1.0
-2.0,-3.0
0.0,6.0
-1.0,-2.0
1.0,-3.0
-1.0,0.0
0.0,-1.0
-1.0,-1.0
-1.0,-2.0
-1.0,-1.0
-1.0,-1.0
0.0,0.0
-1.0,1.0
1.0,-1.0
2.0,4.0
0.0,1.0
0.0,-2.0
0.0,1.0
1.0,1.0
1.0,0.0
0.0,-3.0
-1.0,0.0
-2.0,-2.0
0.0,-4.0
2.0,0.0
1.0,1.0
1.0,2.0
0.0,2.0
0.0,6.0
-1.0,7.0
0.0,1.0
3.0,0.0
0.0,2.0
1.0,1.0
1.0,2.0
3.0,0.0
0.0,1.0
3.0,3.0
3.0,-1.0
-1.0,1.0
-3.0,4.0
1.0,4.0
-1.0,2.0
-1.0,1.0
0.0,4.0
1.0,5.0
-1.0,5.0
-1.0,5.0
-1.0,-2.0
-1.0,-2.0
0.0,-1.0
-1.0,3.0
1.0,2.0
-1.0,2.0
0.0,3.0
1.0,5.0
0.0,4.0
1.0,0.0
2.0,2.0
0.0,2.0
1.0,3.0
0.0,-12.0
3.0,-12.0
-1.0,-1.0
1.0,3.0
-1.0,-3.0
1.0,9.0
-1.0,11.0
1.0,4.0
1.0,-1.0
-1.0,-2.0
1.0,1.0
-1.0,-1.0
-1.0,-2.0
-2.0,-1.0
0.0,0.0
-2.0,0.0
0.0,-2.0
-2.0,-3.0
-1.0,-1.0
0.0,-11.0
1.0,6.0
0.0,3.0
1.0,1.0
1.0,1.0
0.0,5.0
-1.0,1.0
2.0,9.0
4.0,9.0
1.0,-1.0
0.0,0.0
0.0,4.0
1.0,4.0
1.0,0.0
0.0,-5.0
0.0,-3.0
0.0,-1.0
0.0,1.0
-1.0,2.0
-2.0,-2.0
-2.0,-3.0
1.0,1.0
2.0,0.0
1.0,0.0
0.0,6.0
0.0,-1.0
1.0,3.0
1.0,3.0
1.0,3.0
-1.0,1.0
1.0,1.0
1.0,-1.0
0.0,3.0
0.0,-3.0
0.0,-2.0
-1.0,-4.0
-2.0,-2.0
-3.0,1.0
1.0,1.0
-1.0,2.0
1.0,-1.0
1.0,1.0
0.0,1.0
0.0,-1.0
0.0,0.0
1.0,0.0
1.0,1.0
-1.0,2.0
-1.0,2.0
3.0,2.0
1.0,8.0
-1.0,13.0
0.0,2.0
2.0,1.0
8.0,1.0
2.0,0.0
0.0,-1.0
