0.0,0.0
4.0,-1.0
2.0,-1.0
-1.0,1.0
4.0,0.0
3.0,0.0
6.0,0.0
7.0,1.0
-15.0,-25.0
-2.0,0.0
0.0,0.0
-1.0,0.0
1.0,-1.0
-1.0,0.0
1.0,-1.0
0.0,0.0
0.0,0.0
2.0,-1.0
2.0,0.0
3.0,0.0
2.0,-1.0
1.0,-1.0
1.0,-1.0
2.0,-1.0
1.0,1.0
1.0,0.0
2.0,0.0
2.0,0.0
3.0,0.0
-1.0,1.0
2.0,-1.0
5.0,-1.0
2.0,-2.0
3.0,-2.0
4.0,-1.0
4.0,-1.0
0.0,0.0
0.0,0.0
1.0,-1.0
0.0,1.0
-1.0,0.0
1.0,-1.0
1.0,-1.0
3.0,-2.0
2.0,0.0
2.0,1.0
1.0,0.0
5.0,-7.0
3.0,-1.0
2.0,-1.0
1.0,0.0
2.0,0.0
1.0,0.0
2.0,0.0
0.0,0.0
0.0,0.0
0.0,0.0
-1.0,1.0
2.0,0.0
3.0,-1.0
1.0,0.0
2.0,-1.0
3.0,0.0
1.0,0.0
0.0,1.0
3.0,-1.0
3.0,0.0
4.0,0.0
1.0,0.0
0.0,0.0
-1.0,0.0
2.0,-1.0
1.0,-1.0
3.0,-1.0
1.0,1.0
3.0,1.0
1.0,-1.0
3.0,0.0
1.0,1.0
1.0,-1.0
2.0,-1.0
2.0,-1.0
3.0,-1.0
2.0,0.0
5.0,0.0
5.0,0.0
0.0,-2.0
1.0,0.0
2.0,-1.0
2.0,0.0
0.0,-1.0
-2.0,0.0
-1.0,0.0
-3.0,0.0
0.0,0.0
-1.0,0.0
1.0,0.0
1.0,-1.0
-7.0,0.0
2.0,-1.0
8.0,-1.0
1.0,-1.0
8.0,-2.0
1.0,-2.0
1.0,-1.0
0.0,-1.0
1.0,0.0
1.0,0.0
1.0,-1.0
2.0,-1.0
1.0,-1.0
6.0,0.0
0.0,0.0
6.0,0.0
2.0,-2.0
3.0,-1.0
2.0,0.0
0.0,0.0
0.0,-1.0
0.0,-1.0
1.0,0.0
1.0,0.0
1.0,0.0
0.0,0.0
3.0,0.0
5.0,0.0
-1.0,0.0
1.0,-1.0
-1.0,1.0
0.0,0.0
3.0,0.0
0.0,0.0
1.0,-9.0
0.0,-1.0
1.0,0.0
0.0,-1.0
1.0,-1.0
1.0,0.0
2.0,0.0
3.0,0.0
0.0,0.0
0.0,0.0
1.0,1.0
1.0,0.0
2.0,0.0
2.0,1.0
1.0,0.0
-1.0,1.0
-1.0,1.0
-1.0,0.0
1.0,0.0
2.0,0.0
1.0,0.0
2.0,1.0
1.0,0.0
0.0,1.0
6.0,0.0
0.0,0.0
1.0,0.0
2.0,0.0
1.0,-1.0
-1.0,0.0
-1.0,0.0
0.0,1.0
0.0,0.0
3.0,0.0
2.0,-1.0
2.0,-1.0
4.0,-1.0
2.0,1.0
4.0,0.0
3.0,0.0
3.0,0.0
0.0,0.0
-1.0,-2.0
-2.0,0.0
6.0,-1.0
6.0,0.0
6.0,0.0
0.0,0.0
2.0,0.0
1.0,0.0
1.0,0.0
0.0,2.0
0.0,1.0
3.0,1.0
3.0,1.0
2.0,1.0
2.0,1.0
2.0,0.0
2.0,0.0
0.0,0.0
0.0,1.0
0.0,1.0
-1.0,1.0
2.0,0.0
3.0,-1.0
3.0,-1.0
1.0,0.0
2.0,-1.0
4.0,-2.0
1.0,1.0
2.0,-1.0
3.0,0.0
3.0,-2.0
2.0,0.0
1.0,0.0
2.0,-1.0
-2.0,1.0
0.0,0.0
-1.0,0.0
-1.0,1.0
2.0,-1.0
5.0,0.0
1.0,-1.0
1.0,0.0
1.0,0.0
1.0,0.0
2.0,0.0
2.0,1.0
2.0,1.0
-1.0,1.0
3.0,1.0
0.0,0.0
0.0,1.0
0.0,1.0
0.0,1.0
2.0,0.0
2.0,-1.0
2.0,0.0
1.0,0.0
0.0,1.0
0.0,1.0
-1.0,0.0
1.0,-1.0
-1.0,1.0
0.0,-1.0
-5.0,-15.0
3.0,0.0
0.0,1.0
1.0,0.0
0.0,1.0
0.0,0.0
0.0,-1.0
-1.0,-1.0
0.0,0.0
2.0,0.0
2.0,1.0
2.0,-1.0
3.0,-1.0
3.0,0.0
2.0,1.0
4.0,1.0
0.0,0.0
1.0,-1.0
1.0,-1.0
2.0,-1.0
1.0,1.0
5.0,-1.0
0.0,0.0
0.0,1.0
6.0,0.0
3.0,0.0
3.0,0.0
0.0,0.0
1.0,0.0
-1.0,1.0
-30.0,-1.0
-28.0,-1.0
-2.0,0.0
-1.0,-1.0
0.0,0.0
1.0,0.0
0.0,1.0
-1.0,1.0
3.0,-7.0
0.0,-1.0
-1.0,-6.0
-1.0,0.0
0.0,2.0
1.0,1.0
1.0,0.0
2.0,1.0
0.0,0.0
-1.0,1.0
0.0,0.0
0.0,1.0
3.0,-1.0
6.0,0.0
1.0,0.0
3.0,0.0
4.0,0.0
1.0,-1.0
2.0,-1.0
1.0,0.0
2.0,0.0
1.0,0.0
-1.0,0.0
2.0,0.0
3.0,1.0
3.0,1.0
3.0,-2.0
1.0,0.0
1.0,0.0
1.0,-1.0
0.0,0.0
8.0,-1.0
9.0,1.0
3.0,-1.0
1.0,0.0
-1.0,2.0
1.0,3.0
1.0,0.0
0.0,0.0
3.0,-1.0
0.0,0.0
1.0,1.0
0.0,1.0
1.0,0.0
2.0,-1.0
-2.0,-1.0
3.0,0.0
3.0,0.0
4.0,-1.0
-1.0,-1.0
1.0,-1.0
1.0,0.0
0.0,0.0
1.0,0.0
-1.0,0.0
0.0,0.0
-1.0,1.0
0.0,0.0
0.0,1.0
0.0,0.0
0.0,0.0
0.0,1.0
1.0,-1.0
0.0,0.0
-1.0,1.0
1.0,0.0
0.0,-1.0
-2.0,0.0
0.0,0.0
-1.0,0.0
1.0,-1.0
0.0,-1.0
1.0,1.0
2.0,0.0
-1.0,0.0
2.0,-1.0
0.0,-1.0
-1.0,1.0
-1.0,1.0
-3.0,2.0
-1.0,1.0
28.0,6.0
0.0,-1.0
1.0,-1.0
29.0,6.0
2.0,0.0
2.0,1.0
-2.0,0.0
1.0,1.0
0.0,0.0
0.0,0.0
1.0,-1.0
1.0,-1.0
1.0,0.0
1.0,1.0
0.0,0.0
1.0,-1.0
-1.0,0.0
1.0,0.0
1.0,0.0
2.0,0.0
1.0,1.0
3.0,-1.0
0.0,-1.0
-1.0,0.0
0.0,0.0
2.0,-1.0
1.0,-1.0
2.0,-1.0
1.0,-2.0
1.0,0.0
2.0,-1.0
2.0,-2.0
1.0,-1.0
-1.0,0.0
1.0,0.0
0.0,1.0
1.0,0.0
1.0,1.0
0.0,1.0
0.0,1.0
0.0,-1.0
0.0,0.0
0.0,1.0
-1.0,0.0
0.0,0.0
-1.0,1.0
3.0,-1.0
0.0,0.0
0.0,-1.0
1.0,0.0
0.0,1.0
2.0,0.0
0.0,1.0
-1.0,1.0
0.0,0.0
-1.0,0.0
2.0,-1.0
0.0,1.0
3.0,0.0
0.0,0.0
0.0,-1.0
1.0,0.0
1.0,1.0
0.0,1.0
1.0,0.0
1.0,0.0
0.0,-1.0
1.0,1.0
0.0,0.0
0.0,0.0
0.0,1.0
0.0,0.0
3.0,0.0
1.0,-1.0
2.0,0.0
1.0,-1.0
0.0,0.0
0.0,0.0
1.0,0.0
1.0,0.0
0.0,0.0
0.0,1.0
0.0,0.0
0.0,0.0
2.0,1.0
1.0,1.0
1.0,0.0
1.0,1.0
1.0,0.0
0.0,1.0
0.0,1.0
0.0,1.0
1.0,0.0
1.0,0.0
0.0,0.0
0.0,0.0
2.0,0.0
0.0,1.0
1.0,1.0
3.0,1.0
1.0,0.0
0.0,1.0
0.0,-1.0
1.0,0.0
-1.0,0.0
0.0,0.0
-5.0,0.0
1.0,1.0
1.0,0.0
0.0,0.0
1.0,1.0
-1.0,0.0
0.0,1.0
0.0,0.0
0.0,0.0
-1.0,0.0
0.0,1.0
1.0,1.0
1.0,0.0
2.0,0.0
-1.0,1.0
1.0,1.0
3.0,-1.0
2.0,0.0
0.0,1.0
1.0,0.0
2.0,-2.0
1.0,1.0
3.0,-1.0
0.0,0.0
0.0,1.0
0.0,1.0
1.0,0.0
1.0,0.0
1.0,-1.0
1.0,-1.0
1.0,0.0
0.0,0.0
-1.0,0.0
1.0,-1.0
1.0,1.0
1.0,1.0
0.0,2.0
0.0,0.0
2.0,0.0
0.0,1.0
-1.0,0.0
2.0,0.0
-1.0,0.0
2.0,-1.0
0.0,-1.0
1.0,-2.0
3.0,-1.0
1.0,0.0
3.0,0.0
3.0,-1.0
0.0,0.0
1.0,-1.0
4.0,-2.0
0.0,-1.0
4.0,-2.0
2.0,0.0
3.0,0.0
0.0,0.0
3.0,-1.0
1.0,-1.0
1.0,-1.0
0.0,0.0
0.0,0.0
2.0,3.0
1.0,2.0
0.0,0.0
-1.0,0.0
3.0,-1.0
2.0,0.0
0.0,1.0
1.0,0.0
0.0,1.0
3.0,0.0
5.0,-2.0
3.0,0.0
4.0,-3.0
2.0,-1.0
2.0,-1.0
0.0,0.0
1.0,1.0
1.0,0.0
1.0,0.0
1.0,0.0
0.0,0.0
1.0,1.0
0.0,0.0
0.0,0.0
3.0,0.0
4.0,0.0
0.0,0.0
0.0,0.0
0.0,1.0
1.0,-1.0
1.0,-1.0
0.0,0.0
0.0,0.0
29.0,1.0
29.0,1.0
0.0,1.0
0.0,0.0
1.0,1.0
3.0,1.0
3.0,0.0
2.0,0.0
0.0,0.0
0.0,0.0
4.0,0.0
2.0,-1.0
1.0,0.0
-1.0,0.0
0.0,1.0
1.0,1.0
-1.0,0.0
1.0,2.0
1.0,0.0
-1.0,-1.0
-1.0,1.0
-1.0,0.0
2.0,-1.0
2.0,-1.0
1.0,1.0
4.0,0.0
0.0,1.0
1.0,1.0
1.0,0.0
3.0,0.0
4.0,0.0
2.0,-1.0
-1.0,0.0
0.0,0.0
0.0,1.0
28.0,0.0
1.0,1.0
30.0,-2.0
2.0,-2.0
4.0,-3.0
-1.0,0.0
0.0,-1.0
1.0,-1.0
2.0,-1.0
1.0,1.0
1.0,-1.0
4.0,-2.0
4.0,0.0
0.0,0.0
-3.0,-11.0
0.0,0.0
1.0,1.0
-1.0,0.0
1.0,0.0
0.0,0.0
0.0,0.0
1.0,-1.0
1.0,0.0
1.0,1.0
-1.0,0.0
-1.0,1.0
1.0,0.0
5.0,0.0
1.0,-1.0
2.0,-1.0
3.0,-1.0
0.0,0.0
2.0,0.0
1.0,0.0
0.0,0.0
-2.0,1.0
0.0,-1.0
2.0,0.0
1.0,0.0
2.0,0.0
2.0,-1.0
29.0,21.0
0.0,0.0
2.0,-1.0
1.0,0.0
0.0,-1.0
2.0,0.0
-2.0,1.0
7.0,0.0
4.0,-1.0
2.0,1.0
0.0,0.0
0.0,-1.0
6.0,0.0
0.0,-1.0
2.0,-1.0
2.0,0.0
1.0,0.0
3.0,0.0
3.0,-1.0
0.0,1.0
0.0,0.0
0.0,0.0
-1.0,0.0
0.0,0.0
2.0,2.0
0.0,2.0
3.0,1.0
0.0,1.0
1.0,1.0
0.0,-1.0
0.0,-2.0
1.0,-2.0
1.0,-1.0
3.0,0.0
0.0,1.0
2.0,1.0
2.0,-1.0
0.0,1.0
0.0,0.0
0.0,-1.0
2.0,0.0
1.0,0.0
1.0,1.0
2.0,0.0
4.0,0.0
2.0,1.0
-1.0,0.0
2.0,0.0
1.0,0.0
2.0,0.0
3.0,-1.0
5.0,-2.0
6.0,0.0
3.0,-1.0
3.0,-1.0
0.0,-1.0
0.0,-1.0
-1.0,-1.0
0.0,-1.0
2.0,0.0
0.0,0.0
5.0,0.0
4.0,0.0
1.0,-2.0
0.0,-2.0
1.0,0.0
27.0,4.0
-2.0,-1.0
-1.0,-1.0
2.0,0.0
0.0,0.0
1.0,0.0
3.0,0.0
3.0,-1.0
29.0,-3.0
30.0,-1.0
28.0,1.0
-30.0,2.0
29.0,-2.0
2.0,0.0
2.0,0.0
4.0,0.0
2.0,0.0
3.0,-2.0
0.0,-1.0
-1.0,0.0
0.0,0.0
-2.0,0.0
-1.0,0.0
-2.0,1.0
0.0,0.0
4.0,-1.0
-6.0,1.0
0.0,0.0
-1.0,0.0
0.0,1.0
-1.0,1.0
-1.0,0.0
0.0,1.0
-2.0,-1.0
1.0,0.0
1.0,0.0
0.0,1.0
2.0,1.0
0.0,0.0
0.0,0.0
-1.0,0.0
0.0,0.0
0.0,1.0
1.0,0.0
1.0,-1.0
1.0,-1.0
3.0,-2.0
0.0,1.0
1.0,-1.0
0.0,0.0
-1.0,1.0
1.0,0.0
-1.0,0.0
-1.0,0.0
-3.0,0.0
1.0,1.0
0.0,0.0
0.0,0.0
1.0,-2.0
0.0,1.0
1.0,-2.0
0.0,0.0
1.0,-2.0
1.0,0.0
-4.0,-1.0
0.0,-1.0
-2.0,0.0
2.0,0.0
-1.0,0.0
0.0,-1.0
0.0,1.0
-1.0,0.0
0.0,0.0
0.0,0.0
0.0,0.0
1.0,0.0
0.0,0.0
2.0,-1.0
1.0,-1.0
1.0,0.0
-1.0,-1.0
0.0,0.0
-1.0,1.0
0.0,0.0
-3.0,0.0
-4.0,1.0
-1.0,0.0
-2.0,0.0
1.0,0.0
0.0,0.0
-3.0,-1.0
-1.0,1.0
-1.0,0.0
1.0,1.0
-17.0,-1.0
-1.0,2.0
3.0,1.0
9.0,-15.0
18.0,1.0
17.0,1.0
2.0,-1.0
6.0,2.0
2.0,0.0
1.0,0.0
-1.0,0.0
1.0,0.0
1.0,0.0
0.0,0.0
0.0,0.0
0.0,-1.0
0.0,0.0
1.0,1.0
0.0,0.0
-1.0,0.0
0.0,1.0
-1.0,1.0
1.0,0.0
-1.0,1.0
1.0,-1.0
3.0,0.0
0.0,-1.0
0.0,0.0
-2.0,0.0
0.0,1.0
-1.0,0.0
-1.0,1.0
0.0,0.0
-1.0,1.0
0.0,1.0
0.0,-1.0
0.0,0.0
0.0,0.0
-1.0,1.0
-1.0,0.0
0.0,0.0
0.0,0.0
-2.0,1.0
-1.0,0.0
2.0,0.0
-1.0,1.0
0.0,0.0
-1.0,1.0
-1.0,0.0
0.0,-1.0
-3.0,0.0
-2.0,0.0
-3.0,1.0
0.0,2.0
-25.0,3.0
0.0,0.0
1.0,0.0
1.0,1.0
-1.0,1.0
0.0,0.0
1.0,0.0
-2.0,1.0
-1.0,0.0
6.0,3.0
0.0,1.0
-1.0,1.0
-1.0,1.0
-1.0,0.0
0.0,0.0
-1.0,1.0
1.0,0.0
0.0,1.0
0.0,-1.0
0.0,0.0
1.0,0.0
0.0,0.0
0.0,0.0
1.0,-1.0
0.0,-2.0
2.0,-1.0
-2.0,0.0
0.0,-1.0
0.0,0.0
0.0,-1.0
-1.0,0.0
1.0,-1.0
2.0,0.0
0.0,1.0
1.0,-1.0
0.0,0.0
1.0,1.0
-1.0,1.0
1.0,0.0
1.0,0.0
1.0,-1.0
0.0,0.0
0.0,1.0
0.0,0.0
0.0,1.0
-2.0,1.0
1.0,0.0
1.0,1.0
0.0,1.0
0.0,0.0
-2.0,1.0
0.0,1.0
0.0,1.0
-1.0,1.0
-2.0,0.0
1.0,0.0
0.0,1.0
-1.0,2.0
-3.0,1.0
0.0,0.0
-2.0,1.0
-1.0,0.0
-2.0,2.0
-1.0,0.0
0.0,1.0
0.0,0.0
0.0,0.0
1.0,0.0
-3.0,1.0
-2.0,0.0
0.0,-5.0
0.0,0.0
0.0,-1.0
0.0,-1.0
1.0,0.0
1.0,-1.0
-1.0,0.0
0.0,1.0
-2.0,1.0
-1.0,0.0
-3.0,1.0
-4.0,0.0
-3.0,-1.0
-1.0,-1.0
1.0,-2.0
0.0,0.0
0.0,0.0
-1.0,1.0
0.0,0.0
1.0,2.0
-1.0,2.0
3.0,1.0
0.0,1.0
-1.0,0.0
-1.0,-1.0
-1.0,-1.0
1.0,0.0
1.0,0.0
1.0,0.0
1.0,0.0
-1.0,0.0
2.0,0.0
17.0,21.0
-5.0,0.0
5.0,1.0
1.0,0.0
7.0,-2.0
0.0,0.0
0.0,0.0
-1.0,1.0
0.0,1.0
-2.0,2.0
22.0,-29.0
1.0,0.0
0.0,0.0
-2.0,0.0
-2.0,0.0
-4.0,-9.0
-2.0,0.0
-5.0,-8.0
1.0,-1.0
0.0,0.0
-1.0,1.0
0.0,1.0
0.0,0.0
1.0,0.0
3.0,-1.0
0.0,1.0
0.0,0.0
0.0,-1.0
0.0,-1.0
0.0,0.0
0.0,0.0
1.0,1.0
2.0,-1.0
0.0,0.0
1.0,-1.0
1.0,0.0
2.0,0.0
0.0,0.0
-3.0,0.0
1.0,-1.0
1.0,0.0
-2.0,0.0
0.0,0.0
-2.0,-1.0
1.0,0.0
2.0,-1.0
-2.0,-1.0
6.0,0.0
0.0,-1.0
-3.0,1.0
-2.0,0.0
6.0,0.0
-1.0,0.0
1.0,0.0
0.0,0.0
2.0,0.0
0.0,1.0
1.0,-1.0
2.0,0.0
0.0,-1.0
0.0,0.0
1.0,0.0
1.0,1.0
2.0,-10.0
1.0,-1.0
1.0,1.0
1.0,0.0
1.0,0.0
2.0,0.0
1.0,0.0
-1.0,0.0
-3.0,0.0
2.0,-1.0
0.0,-1.0
0.0,0.0
-2.0,1.0
-1.0,-1.0
-2.0,0.0
-2.0,0.0
-2.0,0.0
0.0,0.0
1.0,0.0
1.0,1.0
1.0,-1.0
-2.0,0.0
0.0,0.0
1.0,0.0
0.0,0.0
0.0,0.0
-2.0,0.0
1.0,-1.0
-1.0,2.0
4.0,0.0
26.0,19.0
17.0,23.0
0.0,0.0
2.0,0.0
-1.0,-1.0
0.0,2.0
1.0,-1.0
2.0,0.0
4.0,0.0
0.0,0.0
2.0,-1.0
-1.0,0.0
0.0,1.0
0.0,0.0
-1.0,1.0
1.0,0.0
0.0,-1.0
-2.0,0.0
1.0,0.0
1.0,1.0
1.0,0.0
0.0,0.0
0.0,1.0
-2.0,0.0
-1.0,0.0
-1.0,0.0
0.0,0.0
-1.0,0.0
0.0,0.0
0.0,1.0
-1.0,1.0
0.0,1.0
0.0,0.0
-1.0,0.0
-2.0,0.0
0.0,0.0
1.0,-1.0
-1.0,1.0
0.0,0.0
0.0,0.0
1.0,0.0
2.0,0.0
2.0,-1.0
0.0,0.0
1.0,1.0
0.0,0.0
-1.0,1.0
-1.0,0.0
0.0,2.0
2.0,1.0
2.0,1.0
1.0,1.0
2.0,0.0
0.0,0.0
-1.0,0.0
1.0,1.0
0.0,0.0
-1.0,0.0
-1.0,1.0
0.0,0.0
-2.0,0.0
-3.0,1.0
-1.0,0.0
-1.0,-1.0
-1.0,0.0
-1.0,1.0
0.0,1.0
-1.0,0.0
-1.0,0.0
2.0,0.0
0.0,0.0
0.0,0.0
-1.0,0.0
0.0,0.0
0.0,1.0
2.0,0.0
0.0,1.0
1.0,0.0
-1.0,0.0
1.0,1.0
0.0,0.0
-1.0,0.0
2.0,0.0
0.0,0.0
0.0,1.0
-1.0,1.0
0.0,1.0
1.0,2.0
0.0,0.0
0.0,1.0
-1.0,1.0
-1.0,0.0
-2.0,1.0
-1.0,1.0
0.0,0.0
-1.0,-1.0
0.0,0.0
0.0,0.0
0.0,1.0
0.0,0.0
0.0,0.0
0.0,1.0
-1.0,1.0
1.0,0.0
-1.0,1.0
-1.0,2.0
0.0,1.0
0.0,0.0
0.0,0.0
1.0,-1.0
0.0,1.0
0.0,1.0
0.0,1.0
0.0,0.0
0.0,1.0
1.0,1.0
0.0,1.0
-1.0,1.0
-1.0,1.0
-1.0,0.0
1.0,0.0
1.0,1.0
0.0,0.0
1.0,1.0
2.0,1.0
1.0,0.0
0.0,1.0
0.0,0.0
2.0,-1.0
1.0,0.0
2.0,0.0
-1.0,0.0
2.0,1.0
-2.0,1.0
-1.0,0.0
-2.0,1.0
0.0,1.0
0.0,1.0
1.0,2.0
-1.0,1.0
-1.0,0.0
-1.0,0.0
1.0,1.0
-1.0,1.0
-1.0,1.0
0.0,1.0
-1.0,0.0
-1.0,0.0
1.0,-1.0
0.0,-1.0
-1.0,-1.0
0.0,1.0
2.0,0.0
0.0,1.0
1.0,0.0
2.0,0.0
0.0,0.0
1.0,0.0
2.0,1.0
1.0,1.0
4.0,-1.0
1.0,1.0
1.0,0.0
2.0,0.0
1.0,-1.0
3.0,0.0
1.0,-1.0
1.0,0.0
0.0,0.0
-1.0,0.0
3.0,-1.0
0.0,1.0
1.0,1.0
0.0,1.0
-1.0,0.0
-1.0,0.0
-2.0,1.0
-1.0,2.0
0.0,0.0
-1.0,0.0
-6.0,1.0
-5.0,1.0
0.0,-1.0
0.0,0.0
3.0,1.0
0.0,1.0
-4.0,0.0
2.0,-1.0
7.0,-5.0
8.0,-2.0
1.0,-1.0
2.0,-1.0
-2.0,-16.0
30.0,23.0
-1.0,-18.0
-1.0,-17.0
0.0,0.0
1.0,0.0
0.0,1.0
0.0,0.0
-1.0,0.0
-2.0,0.0
0.0,0.0
-2.0,1.0
-28.0,11.0
3.0,1.0
-28.0,10.0
0.0,-1.0
-1.0,0.0
0.0,-1.0
0.0,1.0
0.0,0.0
0.0,-1.0
-1.0,0.0
0.0,0.0
23.0,2.0
2.0,2.0
29.0,2.0
1.0,0.0
3.0,1.0
2.0,0.0
1.0,0.0
7.0,0.0
-27.0,13.0
1.0,1.0
1.0,-1.0
2.0,-1.0
3.0,-1.0
0.0,1.0
0.0,-1.0
2.0,0.0
-1.0,0.0
-1.0,1.0
-1.0,0.0
-1.0,0.0
-3.0,0.0
3.0,0.0
0.0,0.0
1.0,0.0
-1.0,1.0
1.0,0.0
0.0,0.0
0.0,0.0
-1.0,-1.0
0.0,0.0
1.0,0.0
1.0,1.0
5.0,1.0
-1.0,0.0
-2.0,0.0
-1.0,0.0
2.0,0.0
-3.0,1.0
-2.0,0.0
2.0,0.0
1.0,-1.0
27.0,5.0
10.0,-3.0
0.0,-1.0
-1.0,1.0
-1.0,1.0
0.0,0.0
2.0,0.0
21.0,29.0
2.0,2.0
-1.0,-1.0
-2.0,0.0
0.0,-1.0
-2.0,1.0
1.0,0.0
2.0,-1.0
0.0,0.0
0.0,0.0
-1.0,1.0
0.0,0.0
1.0,1.0
0.0,-1.0
2.0,1.0
0.0,1.0
0.0,-1.0
-1.0,2.0
-1.0,0.0
-1.0,-1.0
3.0,0.0
-1.0,0.0
-4.0,0.0
0.0,0.0
-1.0,0.0
0.0,-1.0
1.0,0.0
0.0,0.0
-1.0,0.0
7.0,1.0
25.0,22.0
7.0,0.0
0.0,0.0
0.0,0.0
1.0,0.0
4.0,1.0
-2.0,-1.0
4.0,-1.0
0.0,0.0
1.0,0.0
-1.0,1.0
0.0,0.0
-1.0,0.0
-2.0,2.0
-1.0,-1.0
-1.0,-1.0
1.0,0.0
-2.0,0.0
-3.0,0.0
0.0,0.0
0.0,1.0
1.0,0.0
-2.0,2.0
-3.0,3.0
-2.0,4.0
0.0,4.0
1.0,1.0
2.0,0.0
0.0,-1.0
0.0,2.0
-30.0,-2.0
-21.0,-5.0
1.0,1.0
-2.0,0.0
1.0,1.0
4.0,-1.0
0.0,0.0
-1.0,1.0
0.0,1.0
0.0,-1.0
1.0,1.0
-1.0,0.0
1.0,0.0
2.0,-1.0
1.0,0.0
0.0,0.0
2.0,-1.0
-1.0,0.0
0.0,1.0
-3.0,1.0
-4.0,0.0
1.0,1.0
1.0,1.0
1.0,-1.0
0.0,0.0
1.0,0.0
3.0,-1.0
-4.0,5.0
-2.0,0.0
-8.0,-1.0
-1.0,1.0
0.0,0.0
-1.0,1.0
1.0,0.0
1.0,-1.0
12.0,-2.0
3.0,-1.0
1.0,-2.0
25.0,18.0
4.0,0.0
1.0,1.0
-1.0,0.0
0.0,0.0
1.0,0.0
-1.0,0.0
-21.0,5.0
4.0,-2.0
1.0,0.0
0.0,0.0
0.0,-1.0
-1.0,0.0
-2.0,0.0
-1.0,0.0
0.0,0.0
-1.0,0.0
-1.0,0.0
-1.0,1.0
0.0,-1.0
18.0,0.0
0.0,-1.0
-1.0,0.0
1.0,0.0
0.0,0.0
1.0,-1.0
1.0,0.0
1.0,-1.0
-2.0,1.0
0.0,0.0
1.0,-1.0
1.0,-1.0
