-1.0,-1.0
0.0,-1.0
0.0,-1.0
0.0,-1.0
1.0,0.0
-6.0,-1.0
1.0,-1.0
1.0,-2.0
-2.0,0.0
-1.0,-1.0
-1.0,-11.0
-3.0,-2.0
0.0,-1.0
-2.0,0.0
-2.0,-11.0
-1.0,0.0
-3.0,1.0
1.0,1.0
0.0,0.0
0.0,-2.0
16.0,30.0
0.0,0.0
-2.0,-1.0
-1.0,-1.0
-1.0,0.0
1.0,-2.0
1.0,-1.0
0.0,0.0
1.0,-1.0
0.0,0.0
-1.0,-1.0
-1.0,-1.0
-2.0,-2.0
-1.0,-1.0
0.0,0.0
-1.0,0.0
-1.0,-4.0
0.0,-1.0
0.0,0.0
-1.0,-1.0
-2.0,-2.0
-1.0,-1.0
1.0,-1.0
-2.0,-2.0
-1.0,1.0
-1.0,-4.0
-1.0,-4.0
-1.0,-1.0
0.0,1.0
1.0,2.0
0.0,2.0
-1.0,0.0
0.0,-2.0
0.0,0.0
0.0,1.0
-2.0,1.0
0.0,-1.0
-3.0,-1.0
0.0,-2.0
0.0,-2.0
-1.0,1.0
0.0,2.0
1.0,1.0
-1.0,-2.0
-2.0,-1.0
-12.0,1.0
-1.0,0.0
0.0,0.0
-1.0,-1.0
0.0,0.0
0.0,-1.0
0.0,0.0
-5.0,1.0
1.0,0.0
-2.0,0.0
-5.0,-1.0
0.0,-1.0
-1.0,0.0
0.0,0.0
-1.0,0.0
0.0,-1.0
0.0,0.0
-1.0,0.0
-1.0,-1.0
-1.0,-2.0
-1.0,1.0
-1.0,0.0
0.0,0.0
-1.0,0.0
-1.0,-2.0
-1.0,0.0
0.0,-1.0
0.0,1.0
-1.0,1.0
-4.0,0.0
-1.0,1.0
0.0,0.0
0.0,2.0
-1.0,-1.0
0.0,0.0
0.0,0.0
-1.0,-1.0
0.0,-3.0
-2.0,-2.0
0.0,-1.0
-1.0,0.0
0.0,1.0
-2.0,-1.0
-2.0,0.0
-1.0,1.0
1.0,3.0
1.0,-1.0
-3.0,-1.0
2.0,-2.0
1.0,-1.0
-8.0,0.0
-1.0,0.0
-2.0,0.0
-9.0,30.0
-2.0,0.0
-1.0,-2.0
-1.0,-1.0
0.0,0.0
-2.0,-1.0
-2.0,0.0
-3.0,0.0
-1.0,0.0
-4.0,-2.0
0.0,0.0
-1.0,1.0
-2.0,2.0
0.0,0.0
0.0,0.0
0.0,0.0
1.0,1.0
1.0,-2.0
-3.0,-1.0
-8.0,-1.0
-3.0,-2.0
0.0,-1.0
0.0,0.0
0.0,1.0
0.0,-1.0
-1.0,0.0
-1.0,0.0
0.0,3.0
0.0,-1.0
-3.0,-1.0
-2.0,-8.0
0.0,1.0
0.0,1.0
-1.0,-1.0
1.0,0.0
1.0,-2.0
-9.0,30.0
1.0,2.0
0.0,1.0
0.0,2.0
1.0,1.0
-1.0,0.0
1.0,-1.0
-1.0,-1.0
0.0,1.0
1.0,1.0
0.0,-2.0
-1.0,-2.0
0.0,-2.0
0.0,-1.0
0.0,-2.0
1.0,3.0
2.0,1.0
0.0,-1.0
-1.0,1.0
-2.0,-2.0
-1.0,-2.0
-9.0,1.0
-10.0,0.0
-2.0,-1.0
-2.0,0.0
-10.0,-8.0
0.0,1.0
-2.0,0.0
-11.0,2.0
0.0,1.0
0.0,1.0
-1.0,2.0
-1.0,1.0
0.0,1.0
-3.0,-4.0
-1.0,-1.0
2.0,1.0
1.0,-1.0
1.0,3.0
1.0,1.0
1.0,1.0
1.0,1.0
-1.0,0.0
0.0,1.0
0.0,1.0
-2.0,-1.0
0.0,1.0
1.0,-2.0
-3.0,0.0
0.0,-1.0
0.0,-5.0
0.0,1.0
-3.0,0.0
0.0,-1.0
1.0,0.0
0.0,1.0
0.0,-13.0
0.0,1.0
-4.0,2.0
-4.0,1.0
-1.0,0.0
0.0,0.0
1.0,1.0
1.0,1.0
-1.0,-3.0
0.0,0.0
-1.0,0.0
-1.0,2.0
-1.0,-2.0
-1.0,1.0
1.0,0.0
-1.0,0.0
-2.0,1.0
-1.0,2.0
-1.0,-1.0
-2.0,0.0
0.0,-2.0
-2.0,3.0
0.0,5.0
-2.0,1.0
-4.0,0.0
0.0,0.0
-2.0,0.0
0.0,0.0
-1.0,0.0
0.0,-3.0
-1.0,0.0
-1.0,2.0
0.0,0.0
2.0,0.0
1.0,0.0
2.0,0.0
-1.0,0.0
0.0,0.0
0.0,0.0
-9.0,1.0
-1.0,0.0
0.0,1.0
0.0,1.0
0.0,-1.0
0.0,1.0
-2.0,3.0
-2.0,3.0
1.0,2.0
0.0,1.0
1.0,1.0
-1.0,1.0
1.0,0.0
1.0,0.0
1.0,0.0
0.0,0.0
0.0,0.0
-1.0,-2.0
0.0,1.0
-2.0,0.0
-1.0,1.0
-2.0,1.0
-2.0,1.0
1.0,1.0
-2.0,-1.0
-2.0,1.0
-1.0,0.0
-1.0,-3.0
0.0,1.0
0.0,0.0
0.0,0.0
-3.0,-1.0
-2.0,0.0
-1.0,0.0
-3.0,-1.0
-3.0,0.0
0.0,-1.0
-1.0,-3.0
0.0,-1.0
0.0,-1.0
0.0,0.0
0.0,0.0
-1.0,-2.0
-2.0,0.0
-2.0,-1.0
-6.0,0.0
-1.0,-5.0
-1.0,-5.0
0.0,-4.0
-2.0,2.0
-6.0,-2.0
-2.0,1.0
0.0,0.0
-1.0,1.0
0.0,-1.0
-1.0,-1.0
-7.0,-1.0
-8.0,1.0
1.0,-2.0
-3.0,0.0
-1.0,1.0
-4.0,-1.0
0.0,-1.0
-1.0,-2.0
-1.0,1.0
-1.0,0.0
-1.0,-1.0
1.0,1.0
0.0,0.0
-1.0,-1.0
1.0,-3.0
-1.0,-1.0
-1.0,0.0
0.0,-1.0
-1.0,-1.0
-1.0,0.0
-6.0,1.0
0.0,-1.0
1.0,0.0
0.0,0.0
0.0,0.0
0.0,1.0
2.0,-3.0
0.0,-2.0
-1.0,-3.0
0.0,-1.0
-1.0,0.0
-1.0,0.0
-1.0,-1.0
1.0,-2.0
-1.0,-2.0
1.0,-1.0
0.0,0.0
1.0,0.0
0.0,0.0
0.0,1.0
0.0,-4.0
-1.0,-1.0
-1.0,0.0
0.0,-1.0
-1.0,-1.0
0.0,-2.0
0.0,-1.0
-2.0,0.0
-1.0,1.0
0.0,0.0
-1.0,-1.0
2.0,0.0
0.0,0.0
0.0,0.0
-2.0,-1.0
0.0,2.0
-1.0,2.0
-1.0,2.0
0.0,2.0
0.0,-3.0
1.0,0.0
-1.0,-1.0
-1.0,-1.0
-1.0,-2.0
0.0,0.0
1.0,0.0
1.0,-1.0
1.0,0.0
1.0,1.0
0.0,0.0
-1.0,-4.0
0.0,0.0
1.0,-1.0
-1.0,-3.0
-3.0,1.0
-7.0,-1.0
1.0,-1.0
1.0,-2.0
2.0,-1.0
-1.0,1.0
-1.0,-1.0
-2.0,-3.0
0.0,0.0
0.0,0.0
0.0,0.0
-1.0,1.0
-1.0,1.0
2.0,-8.0
3.0,-6.0
4.0,-9.0
0.0,-2.0
-1.0,0.0
0.0,0.0
1.0,0.0
-1.0,-1.0
-2.0,-5.0
-1.0,-5.0
1.0,2.0
0.0,1.0
1.0,1.0
2.0,3.0
3.0,-10.0
-8.0,30.0
-9.0,30.0
-1.0,0.0
-2.0,1.0
1.0,0.0
0.0,2.0
1.0,1.0
1.0,1.0
0.0,-1.0
1.0,-1.0
-3.0,-1.0
-2.0,-1.0
-1.0,1.0
1.0,2.0
1.0,1.0
0.0,1.0
1.0,0.0
-1.0,1.0
1.0,-1.0
-1.0,0.0
0.0,1.0
0.0,1.0
-2.0,0.0
-1.0,2.0
2.0,-1.0
0.0,0.0
-1.0,1.0
0.0,-1.0
2.0,0.0
-9.0,30.0
-8.0,-1.0
0.0,1.0
-1.0,-5.0
-1.0,-5.0
-1.0,-5.0
-1.0,-6.0
0.0,-2.0
-2.0,-1.0
-1.0,1.0
-1.0,-2.0
0.0,-1.0
-1.0,-2.0
-1.0,0.0
-2.0,-1.0
-2.0,0.0
-12.0,-1.0
0.0,1.0
0.0,0.0
0.0,-1.0
0.0,-3.0
-1.0,1.0
2.0,27.0
-2.0,-4.0
-3.0,-6.0
0.0,1.0
-1.0,0.0
-1.0,0.0
0.0,1.0
0.0,-1.0
2.0,-2.0
0.0,2.0
1.0,3.0
-1.0,1.0
0.0,0.0
0.0,1.0
-1.0,-2.0
-2.0,0.0
-2.0,0.0
0.0,0.0
-2.0,0.0
0.0,1.0
0.0,0.0
1.0,-2.0
0.0,0.0
-1.0,0.0
0.0,-2.0
1.0,-1.0
0.0,-1.0
1.0,0.0
1.0,0.0
2.0,0.0
0.0,0.0
-1.0,2.0
-1.0,2.0
-2.0,1.0
0.0,1.0
-2.0,1.0
-3.0,2.0
4.0,0.0
1.0,-1.0
0.0,1.0
0.0,2.0
0.0,1.0
-1.0,0.0
-15.0,-4.0
-1.0,1.0
0.0,0.0
0.0,1.0
0.0,1.0
0.0,1.0
1.0,-1.0
0.0,-1.0
-1.0,-2.0
-9.0,0.0
0.0,0.0
-1.0,-1.0
0.0,-4.0
30.0,-2.0
0.0,-1.0
0.0,-1.0
0.0,-4.0
-6.0,-1.0
-8.0,-1.0
-1.0,0.0
0.0,1.0
-1.0,-1.0
-1.0,0.0
1.0,-1.0
1.0,0.0
0.0,-2.0
0.0,0.0
0.0,-1.0
-1.0,0.0
2.0,-22.0
29.0,-6.0
2.0,-1.0
29.0,-6.0
2.0,0.0
-2.0,-2.0
-7.0,0.0
-2.0,0.0
1.0,3.0
2.0,2.0
0.0,1.0
0.0,0.0
3.0,1.0
3.0,-17.0
5.0,-13.0
6.0,-12.0
0.0,0.0
5.0,30.0
-3.0,1.0
-3.0,1.0
-1.0,0.0
-10.0,1.0
-4.0,-3.0
-5.0,-4.0
-2.0,-5.0
0.0,-3.0
-1.0,-2.0
0.0,-1.0
-1.0,0.0
-1.0,0.0
-1.0,-1.0
0.0,0.0
-1.0,-1.0
-2.0,-1.0
-4.0,-5.0
-5.0,-6.0
0.0,0.0
0.0,-1.0
1.0,2.0
1.0,2.0
0.0,1.0
1.0,1.0
-2.0,2.0
0.0,-1.0
0.0,1.0
0.0,0.0
-1.0,1.0
0.0,1.0
0.0,-1.0
0.0,-1.0
1.0,0.0
1.0,2.0
1.0,2.0
0.0,-1.0
0.0,-9.0
0.0,-2.0
-2.0,0.0
-6.0,0.0
-1.0,-1.0
0.0,-1.0
-1.0,0.0
1.0,0.0
0.0,-2.0
-1.0,0.0
0.0,-1.0
-1.0,-3.0
1.0,-1.0
-2.0,1.0
-1.0,1.0
-1.0,0.0
-1.0,1.0
-7.0,1.0
1.0,1.0
0.0,0.0
0.0,-6.0
-3.0,-5.0
-1.0,-5.0
-1.0,1.0
-1.0,0.0
0.0,-1.0
0.0,-1.0
-2.0,0.0
30.0,18.0
-1.0,0.0
-1.0,1.0
-1.0,0.0
-1.0,-2.0
0.0,-1.0
-1.0,0.0
0.0,0.0
1.0,-3.0
-1.0,-3.0
1.0,-1.0
0.0,2.0
-2.0,-3.0
2.0,-3.0
0.0,1.0
-1.0,2.0
0.0,-1.0
0.0,0.0
0.0,-1.0
0.0,1.0
-4.0,2.0
-2.0,1.0
1.0,0.0
1.0,-11.0
3.0,-10.0
1.0,0.0
-1.0,1.0
0.0,0.0
-3.0,0.0
-1.0,2.0
-1.0,-1.0
0.0,0.0
0.0,0.0
0.0,0.0
-1.0,-3.0
-1.0,1.0
-1.0,-6.0
1.0,0.0
-6.0,-1.0
-1.0,1.0
0.0,2.0
-2.0,-1.0
1.0,0.0
0.0,0.0
-1.0,-8.0
0.0,-7.0
4.0,-11.0
0.0,-1.0
0.0,-1.0
8.0,-6.0
-8.0,-1.0
-3.0,0.0
1.0,-1.0
0.0,0.0
1.0,0.0
-2.0,-1.0
-1.0,-10.0
-30.0,25.0
-4.0,1.0
-1.0,0.0
-3.0,0.0
0.0,1.0
-1.0,-1.0
-1.0,0.0
-1.0,-1.0
0.0,-1.0
-7.0,-4.0
1.0,-3.0
0.0,-1.0
0.0,0.0
0.0,-2.0
1.0,1.0
1.0,-5.0
0.0,0.0
1.0,0.0
-1.0,-1.0
-1.0,0.0
2.0,0.0
-3.0,4.0
-4.0,5.0
-1.0,4.0
0.0,0.0
-1.0,0.0
0.0,-1.0
-5.0,1.0
6.0,1.0
1.0,-1.0
-1.0,-2.0
2.0,-3.0
6.0,-2.0
-1.0,-1.0
2.0,0.0
2.0,1.0
1.0,-6.0
1.0,-1.0
0.0,1.0
2.0,30.0
0.0,-11.0
-1.0,-1.0
1.0,-1.0
0.0,-2.0
1.0,-2.0
1.0,-2.0
2.0,0.0
0.0,0.0
-1.0,0.0
1.0,0.0
0.0,0.0
-30.0,-11.0
0.0,-2.0
0.0,0.0
0.0,1.0
1.0,0.0
0.0,-9.0
-1.0,-2.0
0.0,-1.0
-1.0,0.0
0.0,-1.0
-1.0,1.0
0.0,-1.0
0.0,0.0
-1.0,-4.0
1.0,-1.0
0.0,1.0
2.0,-2.0
-1.0,-1.0
-1.0,-1.0
1.0,0.0
0.0,-12.0
0.0,1.0
-1.0,-2.0
0.0,1.0
0.0,-2.0
-1.0,0.0
2.0,1.0
-2.0,-1.0
1.0,-1.0
0.0,1.0
1.0,0.0
0.0,-2.0
0.0,-1.0
0.0,1.0
-1.0,2.0
1.0,1.0
0.0,-2.0
11.0,1.0
2.0,0.0
0.0,0.0
0.0,0.0
0.0,-1.0
1.0,-1.0
-1.0,0.0
0.0,-4.0
1.0,-3.0
4.0,0.0
0.0,-1.0
0.0,0.0
1.0,-1.0
1.0,-1.0
0.0,-1.0
0.0,-1.0
0.0,0.0
1.0,1.0
2.0,-1.0
2.0,0.0
0.0,0.0
0.0,1.0
0.0,1.0
1.0,2.0
0.0,2.0
3.0,1.0
0.0,0.0
3.0,2.0
0.0,4.0
1.0,1.0
1.0,0.0
0.0,0.0
0.0,0.0
2.0,0.0
1.0,0.0
0.0,-2.0
1.0,-1.0
1.0,1.0
0.0,0.0
0.0,1.0
1.0,2.0
3.0,-1.0
4.0,-3.0
8.0,0.0
0.0,0.0
0.0,0.0
0.0,-13.0
0.0,-10.0
4.0,-2.0
-1.0,1.0
0.0,0.0
1.0,2.0
1.0,-2.0
0.0,0.0
1.0,-1.0
2.0,0.0
5.0,0.0
5.0,0.0
1.0,1.0
0.0,0.0
0.0,2.0
7.0,-1.0
-1.0,-1.0
0.0,-5.0
4.0,-5.0
-1.0,2.0
1.0,1.0
0.0,-1.0
-1.0,-2.0
0.0,1.0
0.0,3.0
1.0,2.0
0.0,-1.0
1.0,0.0
-1.0,2.0
0.0,2.0
0.0,2.0
0.0,0.0
1.0,-1.0
0.0,0.0
0.0,3.0
0.0,0.0
0.0,-2.0
1.0,-5.0
1.0,-8.0
0.0,0.0
0.0,-1.0
1.0,1.0
0.0,0.0
0.0,-1.0
-1.0,-1.0
1.0,1.0
-1.0,-2.0
-1.0,0.0
7.0,30.0
1.0,-1.0
9.0,30.0
0.0,1.0
-1.0,2.0
-1.0,2.0
0.0,1.0
0.0,2.0
0.0,2.0
-1.0,1.0
0.0,0.0
0.0,0.0
1.0,-1.0
0.0,1.0
0.0,1.0
-1.0,2.0
1.0,3.0
0.0,3.0
0.0,-2.0
0.0,-1.0
0.0,1.0
0.0,2.0
-1.0,0.0
0.0,-1.0
0.0,-4.0
1.0,2.0
2.0,1.0
7.0,-1.0
1.0,0.0
2.0,0.0
0.0,0.0
0.0,1.0
1.0,0.0
0.0,2.0
8.0,2.0
2.0,3.0
1.0,1.0
1.0,-1.0
-1.0,0.0
1.0,2.0
1.0,1.0
1.0,-3.0
0.0,-1.0
2.0,-2.0
0.0,0.0
-1.0,1.0
0.0,-1.0
-2.0,0.0
1.0,-1.0
-2.0,-2.0
-1.0,1.0
1.0,0.0
0.0,0.0
0.0,1.0
2.0,-1.0
-2.0,0.0
-1.0,0.0
0.0,-3.0
0.0,-5.0
0.0,-3.0
0.0,0.0
-1.0,0.0
-3.0,0.0
-1.0,2.0
0.0,1.0
0.0,0.0
-2.0,0.0
-1.0,1.0
1.0,-3.0
1.0,0.0
1.0,0.0
-1.0,2.0
1.0,2.0
1.0,1.0
1.0,-1.0
2.0,0.0
0.0,1.0
0.0,0.0
0.0,1.0
0.0,1.0
6.0,-2.0
2.0,-4.0
0.0,1.0
0.0,0.0
0.0,0.0
1.0,0.0
0.0,0.0
20.0,29.0
1.0,0.0
0.0,0.0
-2.0,1.0
1.0,0.0
2.0,0.0
-1.0,0.0
1.0,0.0
-1.0,0.0
1.0,0.0
0.0,-1.0
2.0,2.0
0.0,1.0
2.0,1.0
0.0,3.0
1.0,2.0
1.0,3.0
0.0,2.0
-1.0,2.0
0.0,2.0
1.0,1.0
0.0,1.0
-1.0,0.0
1.0,0.0
-2.0,0.0
0.0,0.0
1.0,29.0
1.0,-2.0
0.0,-3.0
-1.0,-1.0
0.0,0.0
0.0,1.0
2.0,-3.0
2.0,-1.0
2.0,0.0
0.0,-1.0
-16.0,26.0
-1.0,-12.0
0.0,0.0
0.0,29.0
0.0,0.0
1.0,-1.0
1.0,-3.0
0.0,0.0
1.0,-1.0
2.0,-1.0
2.0,-1.0
1.0,-4.0
2.0,1.0
2.0,0.0
0.0,-2.0
1.0,1.0
0.0,-2.0
5.0,-2.0
-1.0,-3.0
1.0,-2.0
2.0,1.0
-1.0,0.0
0.0,1.0
1.0,-1.0
0.0,-1.0
14.0,0.0
-28.0,24.0
6.0,-1.0
1.0,-1.0
-1.0,-2.0
2.0,0.0
13.0,0.0
24.0,-3.0
2.0,0.0
0.0,1.0
-4.0,29.0
0.0,-1.0
6.0,1.0
1.0,0.0
1.0,-2.0
0.0,0.0
2.0,0.0
2.0,0.0
-1.0,-2.0
0.0,-1.0
1.0,0.0
0.0,-1.0
3.0,26.0
15.0,-14.0
-2.0,27.0
1.0,0.0
0.0,0.0
-1.0,0.0
8.0,1.0
-1.0,-4.0
-1.0,-1.0
0.0,0.0
-8.0,-1.0
0.0,0.0
1.0,-4.0
1.0,-2.0
3.0,0.0
-1.0,0.0
0.0,0.0
0.0,0.0
-1.0,0.0
0.0,-1.0
0.0,0.0
-1.0,0.0
-1.0,0.0
1.0,0.0
2.0,-4.0
0.0,-1.0
0.0,-1.0
1.0,-1.0
1.0,0.0
1.0,0.0
2.0,0.0
1.0,0.0
0.0,-4.0
0.0,0.0
0.0,1.0
1.0,-2.0
0.0,-2.0
0.0,1.0
0.0,0.0
0.0,0.0
-1.0,-2.0
1.0,-1.0
0.0,0.0
-2.0,0.0
0.0,0.0
0.0,0.0
2.0,-1.0
0.0,2.0
0.0,2.0
2.0,2.0
0.0,2.0
0.0,-3.0
-1.0,0.0
2.0,-3.0
0.0,-1.0
0.0,-1.0
0.0,0.0
-1.0,-1.0
0.0,-1.0
0.0,1.0
0.0,1.0
1.0,-1.0
1.0,-4.0
0.0,1.0
0.0,-1.0
0.0,1.0
0.0,0.0
0.0,-3.0
0.0,-1.0
7.0,-1.0
1.0,-3.0
1.0,-1.0
0.0,1.0
0.0,0.0
1.0,-3.0
-2.0,-1.0
1.0,-3.0
0.0,0.0
25.0,-29.0
4.0,-15.0
-1.0,-7.0
2.0,-22.0
-2.0,-5.0
0.0,-2.0
0.0,-2.0
-1.0,-3.0
0.0,1.0
-1.0,-1.0
1.0,-3.0
4.0,-3.0
1.0,0.0
2.0,1.0
2.0,0.0
0.0,-1.0
1.0,-5.0
-4.0,1.0
1.0,1.0
0.0,0.0
-1.0,3.0
1.0,0.0
2.0,0.0
1.0,-2.0
1.0,-1.0
-3.0,-10.0
8.0,30.0
0.0,0.0
1.0,0.0
0.0,0.0
0.0,0.0
1.0,-1.0
0.0,-1.0
0.0,-1.0
1.0,-1.0
-1.0,1.0
0.0,0.0
1.0,0.0
0.0,0.0
0.0,1.0
2.0,1.0
-1.0,0.0
1.0,1.0
0.0,-1.0
1.0,0.0
0.0,1.0
-1.0,0.0
0.0,1.0
1.0,2.0
1.0,0.0
1.0,-2.0
1.0,-3.0
-1.0,-1.0
2.0,1.0
2.0,-3.0
1.0,1.0
0.0,-5.0
1.0,-4.0
1.0,-3.0
2.0,0.0
1.0,-2.0
1.0,2.0
0.0,-1.0
-1.0,-1.0
2.0,1.0
1.0,-1.0
1.0,1.0
2.0,0.0
0.0,0.0
2.0,1.0
0.0,-1.0
7.0,0.0
0.0,-1.0
1.0,1.0
-2.0,27.0
5.0,-5.0
8.0,25.0
2.0,-6.0
2.0,1.0
0.0,-4.0
-2.0,-1.0
-2.0,-2.0
0.0,3.0
0.0,3.0
0.0,-4.0
-3.0,-4.0
1.0,1.0
0.0,2.0
0.0,2.0
0.0,-3.0
2.0,0.0
1.0,-2.0
1.0,0.0
2.0,0.0
2.0,-1.0
0.0,0.0
2.0,1.0
2.0,0.0
0.0,1.0
1.0,0.0
-1.0,-2.0
-1.0,-1.0
0.0,-1.0
1.0,0.0
1.0,0.0
1.0,0.0
-1.0,-1.0
-1.0,-1.0
0.0,0.0
1.0,-1.0
2.0,0.0
-1.0,1.0
-1.0,0.0
0.0,0.0
-1.0,0.0
0.0,0.0
0.0,0.0
-2.0,-2.0
0.0,1.0
5.0,2.0
-1.0,3.0
1.0,0.0
1.0,1.0
0.0,-1.0
0.0,1.0
0.0,-1.0
-1.0,-2.0
1.0,-1.0
1.0,0.0
-26.0,-2.0
0.0,-1.0
-1.0,-4.0
-1.0,-1.0
-1.0,-4.0
0.0,0.0
6.0,-1.0
7.0,-1.0
0.0,1.0
0.0,0.0
0.0,1.0
0.0,0.0
0.0,0.0
-1.0,0.0
3.0,-3.0
0.0,0.0
2.0,0.0
1.0,1.0
-3.0,-1.0
6.0,0.0
0.0,0.0
1.0,-3.0
2.0,0.0
2.0,-3.0
0.0,-1.0
-2.0,4.0
-4.0,1.0
-1.0,1.0
-1.0,3.0
-1.0,-2.0
-4.0,-16.0
4.0,-2.0
-1.0,0.0
-1.0,-1.0
2.0,1.0
4.0,-4.0
4.0,-4.0
0.0,-4.0
1.0,-5.0
1.0,-5.0
1.0,-2.0
1.0,-1.0
1.0,0.0
1.0,-1.0
3.0,-1.0
2.0,-7.0
4.0,1.0
0.0,0.0
0.0,3.0
-1.0,1.0
2.0,-1.0
1.0,3.0
0.0,1.0
0.0,1.0
11.0,1.0
0.0,-1.0
-2.0,1.0
0.0,1.0
0.0,-3.0
0.0,-2.0
0.0,0.0
1.0,0.0
1.0,0.0
0.0,2.0
-1.0,2.0
1.0,-3.0
-1.0,0.0
0.0,0.0
-1.0,-1.0
2.0,0.0
2.0,0.0
0.0,-1.0
-1.0,-1.0
0.0,1.0
1.0,1.0
1.0,1.0
2.0,0.0
0.0,-1.0
-1.0,0.0
2.0,0.0
0.0,-1.0
0.0,0.0
-2.0,-1.0
0.0,0.0
-1.0,-1.0
-1.0,-1.0
2.0,-2.0
1.0,-2.0
-1.0,3.0
0.0,-1.0
1.0,0.0
4.0,1.0
0.0,1.0
0.0,1.0
0.0,0.0
0.0,0.0
0.0,1.0
0.0,-5.0
1.0,1.0
1.0,0.0
0.0,-1.0
0.0,1.0
0.0,-1.0
1.0,-2.0
2.0,-1.0
1.0,0.0
1.0,1.0
1.0,0.0
1.0,-1.0
1.0,-2.0
1.0,-2.0
0.0,-4.0
0.0,-2.0
2.0,1.0
0.0,2.0
1.0,2.0
-1.0,-2.0
-2.0,-3.0
0.0,0.0
0.0,-1.0
0.0,0.0
0.0,1.0
0.0,0.0
1.0,-2.0
0.0,-2.0
0.0,0.0
1.0,0.0
0.0,-1.0
-1.0,2.0
0.0,1.0
0.0,0.0
-1.0,1.0
0.0,1.0
1.0,2.0
1.0,0.0
0.0,0.0
-1.0,2.0
1.0,1.0
0.0,0.0
3.0,0.0
1.0,1.0
2.0,0.0
1.0,0.0
1.0,2.0
0.0,1.0
0.0,0.0
4.0,29.0
1.0,1.0
0.0,1.0
1.0,-6.0
1.0,-2.0
1.0,1.0
3.0,1.0
2.0,1.0
0.0,0.0
-1.0,-2.0
5.0,-1.0
1.0,-1.0
-1.0,-11.0
-3.0,-10.0
0.0,-3.0
0.0,-5.0
0.0,1.0
0.0,2.0
0.0,-1.0
0.0,0.0
0.0,-1.0
0.0,0.0
1.0,0.0
1.0,0.0
-9.0,-6.0
0.0,2.0
2.0,0.0
0.0,0.0
2.0,2.0
-1.0,-1.0
2.0,-6.0
1.0,0.0
30.0,25.0
3.0,-1.0
2.0,0.0
3.0,0.0
4.0,0.0
1.0,0.0
1.0,-1.0
0.0,0.0
1.0,-1.0
1.0,0.0
2.0,0.0
10.0,-1.0
1.0,0.0
0.0,-1.0
0.0,-2.0
-1.0,0.0
-1.0,1.0
-1.0,-2.0
-4.0,0.0
-3.0,-5.0
-3.0,-3.0
0.0,0.0
2.0,-3.0
-1.0,-1.0
1.0,-1.0
-1.0,0.0
0.0,1.0
-1.0,-2.0
-2.0,0.0
0.0,0.0
0.0,-1.0
1.0,0.0
0.0,-1.0
0.0,0.0
27.0,29.0
