-27.0,-10.0
10.0,-1.0
7.0,1.0
-3.0,-1.0
-3.0,0.0
-5.0,0.0
-9.0,0.0
-3.0,-1.0
-3.0,-2.0
-1.0,2.0
-3.0,2.0
-4.0,3.0
-20.0,10.0
-3.0,2.0
-5.0,2.0
-1.0,-4.0
-6.0,-1.0
-8.0,-3.0
-2.0,-2.0
-3.0,2.0
-4.0,2.0
-3.0,2.0
-6.0,0.0
-9.0,1.0
-4.0,0.0
-5.0,4.0
-8.0,4.0
-13.0,-2.0
-9.0,1.0
-28.0,-30.0
-2.0,-1.0
-2.0,-2.0
-2.0,-1.0
-4.0,-1.0
-4.0,1.0
-4.0,-1.0
-3.0,-1.0
-3.0,1.0
-1.0,-1.0
-4.0,2.0
-5.0,-2.0
-1.0,-1.0
-3.0,-1.0
-4.0,2.0
-4.0,2.0
-3.0,1.0
-3.0,2.0
1.0,2.0
-6.0,2.0
-7.0,-1.0
-11.0,-2.0
-5.0,1.0
-5.0,0.0
-24.0,-10.0
-20.0,16.0
-7.0,-2.0
-6.0,-1.0
-5.0,-1.0
-26.0,25.0
2.0,-1.0
-2.0,1.0
1.0,-1.0
2.0,-1.0
-1.0,-2.0
-1.0,-28.0
0.0,1.0
-9.0,1.0
-5.0,2.0
-13.0,24.0
-25.0,1.0
30.0,-7.0
-2.0,-29.0
-1.0,0.0
-3.0,0.0
-1.0,-29.0
-9.0,0.0
-27.0,-29.0
-8.0,0.0
-1.0,-30.0
-3.0,1.0
-4.0,1.0
-5.0,-30.0
-1.0,-3.0
-6.0,0.0
-3.0,-1.0
-1.0,-30.0
3.0,-2.0
-7.0,1.0
-14.0,-1.0
-8.0,0.0
-7.0,0.0
-7.0,2.0
-2.0,-1.0
-5.0,1.0
-11.0,-1.0
3.0,1.0
-6.0,2.0
-9.0,0.0
-13.0,4.0
-11.0,0.0
-15.0,3.0
-3.0,-2.0
-3.0,-2.0
4.0,-3.0
-6.0,-2.0
-4.0,0.0
-4.0,-1.0
-2.0,-3.0
0.0,-1.0
1.0,-1.0
2.0,1.0
-1.0,-29.0
-30.0,-30.0
-15.0,-1.0
-8.0,3.0
-18.0,-3.0
-3.0,0.0
-5.0,1.0
-3.0,2.0
-9.0,1.0
-3.0,1.0
-5.0,-1.0
-10.0,2.0
9.0,4.0
-17.0,3.0
-8.0,2.0
-12.0,4.0
4.0,-4.0
2.0,-2.0
1.0,-2.0
1.0,-2.0
2.0,-2.0
-14.0,-1.0
30.0,-9.0
-2.0,1.0
-27.0,-26.0
-21.0,-30.0
-2.0,4.0
3.0,0.0
-1.0,-2.0
-1.0,0.0
15.0,4.0
-3.0,0.0
-5.0,3.0
-5.0,2.0
-10.0,3.0
-17.0,2.0
2.0,0.0
0.0,-2.0
-2.0,-2.0
-2.0,-3.0
-3.0,-30.0
-8.0,0.0
-1.0,1.0
5.0,-2.0
2.0,0.0
4.0,-2.0
-2.0,0.0
-1.0,-2.0
-4.0,0.0
16.0,-2.0
-1.0,-1.0
1.0,1.0
-3.0,-30.0
0.0,0.0
-1.0,-2.0
-8.0,2.0
-4.0,1.0
-10.0,5.0
-9.0,1.0
28.0,6.0
-30.0,-22.0
30.0,24.0
-6.0,1.0
-7.0,2.0
-24.0,30.0
-22.0,-30.0
-3.0,0.0
-7.0,3.0
-5.0,3.0
30.0,30.0
-30.0,16.0
19.0,-5.0
-14.0,-3.0
-12.0,12.0
-2.0,2.0
0.0,1.0
2.0,1.0
15.0,-12.0
-3.0,-4.0
-3.0,-1.0
-1.0,0.0
2.0,-3.0
3.0,-2.0
1.0,0.0
6.0,-1.0
3.0,-1.0
21.0,10.0
-14.0,1.0
1.0,0.0
-19.0,9.0
-30.0,20.0
29.0,2.0
-1.0,-1.0
-1.0,-30.0
-30.0,22.0
-2.0,0.0
-6.0,-2.0
-3.0,-30.0
0.0,-27.0
0.0,-2.0
-3.0,-1.0
-2.0,-1.0
-3.0,-3.0
-4.0,-1.0
1.0,-2.0
-1.0,-1.0
-16.0,2.0
-10.0,3.0
-28.0,26.0
-2.0,0.0
1.0,1.0
-10.0,0.0
-4.0,-2.0
-4.0,-3.0
-6.0,-3.0
0.0,-1.0
1.0,-3.0
0.0,-5.0
1.0,-2.0
-6.0,2.0
-1.0,0.0
-15.0,14.0
-5.0,3.0
-4.0,1.0
-2.0,-1.0
-30.0,30.0
-26.0,10.0
-22.0,3.0
-14.0,0.0
-1.0,0.0
6.0,1.0
0.0,-3.0
0.0,-1.0
2.0,-1.0
0.0,-2.0
0.0,-1.0
-1.0,-2.0
-3.0,-3.0
-6.0,0.0
-4.0,-2.0
-29.0,-30.0
-4.0,-3.0
11.0,3.0
-5.0,-1.0
-30.0,4.0
-9.0,2.0
-11.0,0.0
-20.0,5.0
-10.0,-2.0
-5.0,-1.0
-9.0,3.0
-24.0,4.0
-3.0,-1.0
-10.0,1.0
-7.0,0.0
-7.0,3.0
-5.0,1.0
-3.0,2.0
4.0,20.0
-7.0,3.0
30.0,-8.0
-2.0,-30.0
-1.0,-28.0
-4.0,2.0
-9.0,3.0
-9.0,3.0
4.0,1.0
2.0,0.0
-3.0,2.0
5.0,2.0
-1.0,1.0
0.0,2.0
-26.0,30.0
-7.0,4.0
-11.0,1.0
-10.0,2.0
-4.0,3.0
-11.0,6.0
-2.0,5.0
0.0,-2.0
1.0,-3.0
-14.0,3.0
-9.0,1.0
-11.0,5.0
-15.0,3.0
-1.0,-30.0
-1.0,0.0
-24.0,14.0
-30.0,14.0
3.0,3.0
-3.0,-1.0
-3.0,0.0
0.0,-2.0
-1.0,-1.0
-5.0,-1.0
6.0,-27.0
-3.0,2.0
-2.0,2.0
-4.0,1.0
0.0,2.0
0.0,4.0
-10.0,4.0
2.0,-1.0
0.0,-2.0
2.0,-5.0
6.0,-3.0
-1.0,0.0
-2.0,-3.0
-4.0,2.0
0.0,0.0
-8.0,0.0
0.0,0.0
-11.0,1.0
-9.0,0.0
-7.0,0.0
3.0,-1.0
-4.0,1.0
-2.0,-1.0
-13.0,1.0
-4.0,0.0
-11.0,1.0
-6.0,0.0
-4.0,-2.0
-3.0,0.0
-9.0,3.0
-5.0,1.0
-7.0,3.0
-3.0,0.0
-1.0,-1.0
-2.0,1.0
-13.0,0.0
-5.0,2.0
0.0,-1.0
0.0,1.0
-3.0,2.0
-16.0,3.0
-2.0,2.0
-1.0,0.0
-16.0,4.0
-1.0,1.0
-3.0,2.0
-12.0,3.0
3.0,-21.0
0.0,-3.0
-2.0,-4.0
-3.0,-2.0
-2.0,-4.0
-1.0,-1.0
-1.0,-2.0
-1.0,0.0
-2.0,1.0
-8.0,2.0
-8.0,1.0
-1.0,1.0
-3.0,0.0
-3.0,0.0
-9.0,-1.0
-11.0,-1.0
-4.0,2.0
-7.0,-1.0
-7.0,0.0
-6.0,-7.0
5.0,-8.0
-9.0,-2.0
1.0,-6.0
-11.0,0.0
-3.0,1.0
7.0,-2.0
-3.0,1.0
-11.0,2.0
-8.0,2.0
-4.0,3.0
-11.0,4.0
-9.0,3.0
-11.0,4.0
-8.0,0.0
-3.0,2.0
-8.0,3.0
-2.0,1.0
-5.0,-2.0
0.0,1.0
0.0,1.0
-4.0,3.0
-1.0,0.0
-2.0,1.0
-22.0,8.0
-27.0,-1.0
-8.0,1.0
-27.0,4.0
-2.0,-2.0
-8.0,-1.0
-4.0,-4.0
2.0,-3.0
-8.0,-3.0
-3.0,-6.0
-8.0,2.0
2.0,-30.0
2.0,-2.0
5.0,-29.0
-6.0,0.0
-6.0,0.0
-2.0,-1.0
-4.0,-1.0
17.0,-29.0
-1.0,-1.0
0.0,-1.0
4.0,-30.0
-2.0,-2.0
-1.0,-1.0
-1.0,0.0
0.0,-1.0
-1.0,-1.0
-4.0,3.0
3.0,-2.0
3.0,-2.0
-1.0,2.0
-3.0,0.0
-4.0,0.0
-2.0,1.0
3.0,0.0
-9.0,1.0
-11.0,2.0
-17.0,-3.0
-5.0,-1.0
0.0,-2.0
-3.0,5.0
-7.0,10.0
-5.0,1.0
-15.0,4.0
-3.0,1.0
-2.0,1.0
-4.0,1.0
-9.0,0.0
-8.0,0.0
-25.0,-12.0
2.0,3.0
-3.0,2.0
-7.0,5.0
-15.0,8.0
-4.0,4.0
-9.0,4.0
-6.0,-2.0
-6.0,0.0
-3.0,-2.0
-3.0,-1.0
-3.0,-1.0
-1.0,-2.0
-7.0,0.0
-6.0,-1.0
-3.0,-2.0
-5.0,-1.0
3.0,-3.0
2.0,-3.0
2.0,-3.0
0.0,-1.0
-1.0,-3.0
1.0,-1.0
-4.0,1.0
-13.0,1.0
-6.0,3.0
-6.0,1.0
-3.0,-1.0
4.0,-3.0
2.0,-2.0
-6.0,-1.0
-7.0,-1.0
-5.0,2.0
-8.0,-1.0
-8.0,-1.0
-4.0,0.0
7.0,0.0
1.0,0.0
0.0,-1.0
-2.0,1.0
-3.0,-30.0
2.0,-1.0
0.0,-2.0
1.0,-1.0
-5.0,1.0
10.0,-2.0
5.0,3.0
-13.0,5.0
-4.0,5.0
-9.0,5.0
1.0,2.0
-4.0,2.0
-3.0,2.0
0.0,2.0
-3.0,1.0
-4.0,2.0
0.0,-30.0
4.0,28.0
-5.0,30.0
-6.0,4.0
-3.0,2.0
4.0,0.0
-4.0,4.0
-1.0,0.0
3.0,-5.0
-16.0,29.0
-5.0,0.0
0.0,-7.0
-4.0,-1.0
-12.0,1.0
-14.0,5.0
-5.0,-1.0
1.0,-3.0
2.0,-2.0
-1.0,-2.0
3.0,2.0
3.0,3.0
-4.0,21.0
-5.0,0.0
-6.0,1.0
-6.0,-1.0
-1.0,2.0
-6.0,1.0
-23.0,20.0
10.0,-2.0
9.0,-2.0
2.0,-1.0
6.0,-2.0
8.0,-4.0
6.0,-4.0
-5.0,1.0
-2.0,1.0
3.0,-1.0
-5.0,-3.0
-1.0,-3.0
-1.0,-6.0
-5.0,-3.0
-1.0,-9.0
1.0,-4.0
1.0,-2.0
-1.0,0.0
-3.0,1.0
-1.0,2.0
-6.0,5.0
6.0,-1.0
30.0,-8.0
-3.0,1.0
-6.0,0.0
-1.0,3.0
-8.0,4.0
-9.0,0.0
-12.0,1.0
-7.0,1.0
-11.0,4.0
-10.0,4.0
-9.0,2.0
0.0,0.0
-26.0,21.0
-9.0,1.0
-16.0,9.0
-26.0,11.0
-2.0,2.0
-6.0,1.0
-4.0,0.0
1.0,-29.0
1.0,-26.0
2.0,-2.0
-22.0,11.0
-7.0,1.0
-9.0,1.0
-4.0,4.0
-3.0,-1.0
0.0,0.0
-9.0,1.0
0.0,-1.0
-5.0,-2.0
-7.0,1.0
-3.0,-1.0
-4.0,-2.0
-13.0,-1.0
-22.0,-2.0
1.0,-27.0
-10.0,3.0
-7.0,2.0
-6.0,-28.0
-8.0,-3.0
-9.0,0.0
0.0,-23.0
-4.0,-3.0
-5.0,4.0
-15.0,1.0
-3.0,1.0
-1.0,-2.0
-6.0,1.0
-5.0,2.0
-5.0,-1.0
-4.0,-2.0
1.0,-25.0
-1.0,-30.0
-15.0,3.0
-3.0,-24.0
4.0,-27.0
-1.0,-27.0
-5.0,-24.0
-5.0,3.0
-20.0,1.0
-19.0,1.0
-4.0,1.0
-4.0,1.0
-7.0,2.0
-6.0,1.0
-2.0,-1.0
-5.0,3.0
-7.0,2.0
-4.0,1.0
-1.0,2.0
-4.0,1.0
-1.0,-1.0
-3.0,1.0
-5.0,-2.0
-24.0,-1.0
1.0,5.0
-6.0,-2.0
0.0,0.0
-2.0,5.0
-1.0,-2.0
30.0,-17.0
-5.0,2.0
-6.0,9.0
-10.0,4.0
-4.0,3.0
29.0,-6.0
-3.0,3.0
-5.0,4.0
-5.0,-1.0
-5.0,-1.0
-1.0,-1.0
-4.0,-1.0
-9.0,1.0
-2.0,-27.0
-1.0,-29.0
-2.0,3.0
-8.0,0.0
0.0,-30.0
-3.0,0.0
-9.0,0.0
-7.0,4.0
-1.0,-30.0
-8.0,1.0
-8.0,1.0
-25.0,-9.0
0.0,0.0
3.0,3.0
-3.0,0.0
-9.0,4.0
-1.0,2.0
-30.0,30.0
-2.0,-1.0
-1.0,-2.0
11.0,-11.0
2.0,1.0
2.0,-2.0
-1.0,-1.0
1.0,2.0
0.0,-30.0
-5.0,-1.0
-1.0,3.0
5.0,23.0
-10.0,0.0
-10.0,2.0
-16.0,5.0
-15.0,-3.0
-5.0,-1.0
-2.0,-22.0
8.0,-23.0
-14.0,1.0
-11.0,-2.0
-30.0,-30.0
-1.0,1.0
1.0,-30.0
-2.0,1.0
-7.0,3.0
-13.0,2.0
-3.0,2.0
-3.0,1.0
-5.0,1.0
-1.0,2.0
5.0,-29.0
-1.0,-1.0
6.0,2.0
4.0,1.0
-1.0,-30.0
-2.0,0.0
0.0,-1.0
-3.0,2.0
0.0,-29.0
-29.0,-6.0
-14.0,0.0
-12.0,3.0
-10.0,-1.0
-1.0,1.0
-3.0,0.0
-7.0,1.0
-5.0,4.0
-3.0,0.0
28.0,13.0
-9.0,3.0
-4.0,2.0
-7.0,-3.0
-4.0,-2.0
-9.0,-3.0
-4.0,-2.0
1.0,-27.0
-4.0,0.0
-2.0,-2.0
-2.0,-1.0
-2.0,0.0
-2.0,0.0
-1.0,3.0
0.0,2.0
-8.0,1.0
-3.0,-5.0
4.0,-4.0
-4.0,1.0
-6.0,-3.0
4.0,-4.0
-4.0,-4.0
-2.0,4.0
5.0,1.0
5.0,1.0
-1.0,2.0
5.0,0.0
6.0,-2.0
0.0,0.0
10.0,-2.0
-4.0,0.0
1.0,0.0
-1.0,2.0
-2.0,0.0
3.0,-2.0
7.0,-2.0
1.0,-1.0
0.0,-1.0
6.0,-2.0
4.0,-6.0
0.0,-4.0
-5.0,-1.0
-2.0,0.0
0.0,-2.0
7.0,-2.0
3.0,-2.0
7.0,-2.0
5.0,-1.0
3.0,-1.0
1.0,-1.0
5.0,3.0
-5.0,0.0
3.0,0.0
-5.0,3.0
-6.0,-2.0
-6.0,-1.0
-7.0,0.0
2.0,-2.0
-4.0,0.0
2.0,1.0
-3.0,30.0
-3.0,-1.0
-3.0,5.0
0.0,2.0
2.0,1.0
-2.0,2.0
6.0,-1.0
-3.0,1.0
1.0,2.0
2.0,2.0
-4.0,-30.0
6.0,0.0
-7.0,3.0
-1.0,0.0
0.0,-2.0
-6.0,0.0
3.0,1.0
-3.0,1.0
5.0,-1.0
1.0,-1.0
3.0,-3.0
-1.0,-4.0
-1.0,-1.0
-2.0,3.0
3.0,0.0
7.0,2.0
-3.0,-1.0
-2.0,1.0
1.0,-2.0
-2.0,0.0
-2.0,1.0
5.0,-3.0
-2.0,-1.0
-2.0,0.0
5.0,-1.0
-1.0,-3.0
2.0,-1.0
3.0,-1.0
-1.0,-1.0
7.0,-1.0
1.0,-3.0
-1.0,-1.0
3.0,-1.0
-3.0,-4.0
-5.0,1.0
-6.0,1.0
0.0,-4.0
-4.0,-2.0
-5.0,-2.0
0.0,0.0
-1.0,0.0
-3.0,0.0
-4.0,3.0
-8.0,3.0
-4.0,2.0
4.0,-5.0
-1.0,-5.0
-6.0,1.0
-3.0,0.0
-5.0,-1.0
-7.0,0.0
1.0,-2.0
-1.0,0.0
8.0,-2.0
1.0,0.0
-1.0,0.0
0.0,-1.0
-3.0,-4.0
5.0,0.0
-4.0,2.0
12.0,-2.0
-1.0,26.0
1.0,-1.0
-2.0,26.0
15.0,-2.0
17.0,-1.0
-2.0,0.0
4.0,0.0
3.0,-30.0
-4.0,-1.0
1.0,0.0
-2.0,1.0
1.0,-2.0
2.0,4.0
-19.0,6.0
4.0,2.0
3.0,6.0
4.0,-1.0
-4.0,0.0
-6.0,0.0
2.0,-30.0
-5.0,2.0
-5.0,2.0
-3.0,2.0
-4.0,0.0
0.0,-1.0
-4.0,3.0
-5.0,2.0
-3.0,2.0
-4.0,3.0
-3.0,0.0
2.0,1.0
2.0,-2.0
4.0,-2.0
-1.0,0.0
0.0,-1.0
3.0,-3.0
4.0,-1.0
1.0,-2.0
7.0,-3.0
-3.0,-1.0
-1.0,2.0
2.0,3.0
1.0,-2.0
3.0,-2.0
2.0,-6.0
-2.0,2.0
7.0,0.0
-2.0,1.0
-1.0,0.0
3.0,-2.0
4.0,-2.0
-3.0,1.0
-1.0,-1.0
1.0,-1.0
-2.0,-1.0
-2.0,1.0
3.0,-1.0
-5.0,-1.0
-1.0,2.0
-4.0,-26.0
-1.0,1.0
5.0,0.0
3.0,0.0
-2.0,-2.0
-2.0,-1.0
2.0,1.0
-3.0,2.0
12.0,-2.0
7.0,-2.0
1.0,-1.0
2.0,-29.0
-1.0,1.0
1.0,-30.0
0.0,1.0
-8.0,3.0
-4.0,4.0
-9.0,3.0
-4.0,1.0
-5.0,2.0
11.0,-11.0
11.0,-2.0
3.0,0.0
0.0,-1.0
10.0,-30.0
1.0,0.0
2.0,-1.0
2.0,-3.0
1.0,3.0
0.0,-30.0
-4.0,1.0
0.0,-30.0
-15.0,8.0
-7.0,5.0
-9.0,3.0
-4.0,4.0
1.0,1.0
-6.0,2.0
-2.0,1.0
0.0,0.0
2.0,1.0
7.0,-4.0
4.0,1.0
29.0,25.0
10.0,-2.0
5.0,-2.0
-2.0,-30.0
-8.0,0.0
-4.0,1.0
1.0,-1.0
4.0,-3.0
4.0,-1.0
-1.0,0.0
3.0,-3.0
0.0,-1.0
-2.0,-2.0
-4.0,-2.0
3.0,-2.0
-1.0,-2.0
-5.0,-2.0
-1.0,-2.0
-2.0,0.0
-3.0,-1.0
0.0,-4.0
-1.0,0.0
5.0,-2.0
5.0,-1.0
-24.0,-23.0
-2.0,1.0
-25.0,-25.0
-1.0,2.0
7.0,-3.0
11.0,0.0
-7.0,5.0
-5.0,-1.0
5.0,-1.0
13.0,-5.0
-2.0,-1.0
-1.0,-2.0
6.0,-7.0
0.0,-1.0
4.0,-2.0
-2.0,1.0
-1.0,0.0
-1.0,2.0
-6.0,0.0
-5.0,1.0
-8.0,-1.0
-1.0,2.0
10.0,0.0
6.0,0.0
3.0,-1.0
8.0,0.0
7.0,0.0
-3.0,0.0
1.0,0.0
-5.0,-3.0
-1.0,-3.0
2.0,1.0
-3.0,-1.0
26.0,0.0
-1.0,-4.0
-3.0,0.0
2.0,0.0
-3.0,-1.0
7.0,8.0
2.0,-2.0
-3.0,0.0
-5.0,2.0
1.0,0.0
-4.0,-1.0
-2.0,0.0
16.0,30.0
-4.0,1.0
5.0,-4.0
-4.0,1.0
-4.0,4.0
-10.0,4.0
-2.0,-1.0
1.0,2.0
6.0,-30.0
-9.0,4.0
-6.0,1.0
16.0,-1.0
-4.0,4.0
-18.0,-13.0
2.0,1.0
-1.0,3.0
-6.0,1.0
-8.0,0.0
-3.0,-1.0
1.0,0.0
12.0,4.0
-2.0,1.0
3.0,2.0
-2.0,1.0
5.0,-3.0
0.0,0.0
-1.0,-2.0
1.0,-1.0
2.0,-2.0
-1.0,2.0
11.0,2.0
1.0,2.0
2.0,1.0
4.0,1.0
-4.0,2.0
5.0,0.0
-3.0,-3.0
-3.0,-2.0
-11.0,1.0
-6.0,0.0
-2.0,-1.0
-6.0,-1.0
-1.0,-2.0
10.0,-3.0
5.0,1.0
0.0,-1.0
1.0,1.0
-4.0,-1.0
1.0,-1.0
-7.0,-2.0
-1.0,1.0
-2.0,2.0
-7.0,-1.0
-1.0,-2.0
-12.0,-2.0
-2.0,-1.0
2.0,-1.0
3.0,-2.0
-5.0,1.0
4.0,-3.0
6.0,-3.0
1.0,-2.0
5.0,-3.0
-2.0,0.0
2.0,-2.0
8.0,-2.0
-5.0,0.0
4.0,-2.0
0.0,0.0
-3.0,-30.0
-4.0,1.0
-1.0,1.0
-4.0,3.0
-4.0,3.0
-2.0,1.0
-7.0,3.0
-8.0,2.0
-10.0,3.0
5.0,0.0
-4.0,0.0
7.0,0.0
19.0,-4.0
-1.0,2.0
16.0,-25.0
1.0,-3.0
2.0,-4.0
-2.0,-2.0
1.0,-2.0
2.0,-5.0
1.0,-1.0
6.0,0.0
13.0,-3.0
1.0,-1.0
0.0,2.0
-5.0,-1.0
1.0,-3.0
3.0,-3.0
1.0,0.0
-5.0,0.0
-3.0,-1.0
-17.0,8.0
-16.0,0.0
-5.0,-1.0
-10.0,0.0
2.0,-6.0
1.0,-7.0
-8.0,-1.0
-5.0,1.0
2.0,1.0
-9.0,0.0
0.0,1.0
28.0,7.0
-12.0,5.0
-3.0,1.0
-1.0,-1.0
-9.0,-1.0
4.0,-6.0
-15.0,7.0
30.0,20.0
-10.0,4.0
-1.0,-1.0
1.0,-1.0
0.0,-3.0
0.0,1.0
1.0,-4.0
0.0,-3.0
10.0,-5.0
6.0,-6.0
4.0,-1.0
6.0,-3.0
-4.0,-1.0
-8.0,0.0
1.0,-1.0
15.0,-2.0
-3.0,-1.0
-8.0,-1.0
5.0,-2.0
-2.0,-2.0
8.0,-3.0
2.0,2.0
-2.0,-3.0
3.0,-30.0
2.0,0.0
-3.0,1.0
0.0,1.0
-2.0,-1.0
0.0,1.0
5.0,-2.0
1.0,0.0
1.0,-3.0
6.0,-4.0
-4.0,-4.0
1.0,-3.0
15.0,-6.0
0.0,-3.0
0.0,-3.0
1.0,-3.0
-1.0,-2.0
-1.0,0.0
1.0,-3.0
8.0,5.0
4.0,5.0
10.0,4.0
8.0,11.0
-1.0,1.0
2.0,0.0
0.0,-1.0
-1.0,-3.0
2.0,-3.0
-8.0,-2.0
3.0,-3.0
2.0,-1.0
1.0,0.0
1.0,3.0
11.0,-1.0
2.0,3.0
21.0,-1.0
-5.0,6.0
6.0,1.0
1.0,0.0
2.0,0.0
5.0,0.0
1.0,-2.0
5.0,-3.0
0.0,-2.0
5.0,-3.0
-1.0,-1.0
2.0,-1.0
-11.0,-1.0
-3.0,-1.0
1.0,-2.0
-1.0,-1.0
7.0,-1.0
11.0,-2.0
6.0,-30.0
1.0,-30.0
-4.0,3.0
4.0,-30.0
-4.0,-1.0
-3.0,-2.0
-7.0,-1.0
2.0,-2.0
-3.0,1.0
4.0,0.0
-1.0,2.0
3.0,-2.0
-3.0,-1.0
-2.0,1.0
-6.0,3.0
-4.0,0.0
10.0,-1.0
2.0,1.0
-6.0,1.0
7.0,-1.0
7.0,-1.0
2.0,-2.0
11.0,-2.0
1.0,1.0
5.0,2.0
3.0,3.0
30.0,27.0
-2.0,1.0
-7.0,-2.0
0.0,1.0
2.0,-2.0
0.0,0.0
2.0,-30.0
-2.0,2.0
2.0,3.0
21.0,27.0
7.0,-1.0
0.0,-1.0
4.0,0.0
15.0,28.0
6.0,-6.0
2.0,-1.0
-4.0,-1.0
-3.0,-2.0
-7.0,-2.0
-4.0,-2.0
-9.0,-4.0
-1.0,-1.0
3.0,-2.0
-25.0,10.0
30.0,21.0
-4.0,1.0
-4.0,0.0
1.0,1.0
1.0,0.0
-1.0,2.0
-1.0,2.0
1.0,0.0
-7.0,1.0
1.0,0.0
1.0,0.0
2.0,-2.0
-11.0,1.0
-5.0,1.0
-8.0,0.0
-6.0,0.0
-6.0,-2.0
-5.0,0.0
-8.0,-5.0
0.0,-1.0
-3.0,0.0
-2.0,-2.0
1.0,-2.0
0.0,-1.0
0.0,-2.0
5.0,1.0
11.0,9.0
26.0,2.0
8.0,6.0
3.0,11.0
1.0,0.0
-4.0,2.0
1.0,-1.0
-1.0,-1.0
-1.0,3.0
0.0,2.0
-1.0,2.0
-4.0,0.0
1.0,4.0
4.0,4.0
-2.0,0.0
-7.0,1.0
-2.0,-1.0
-23.0,-1.0
1.0,4.0
6.0,-1.0
-1.0,1.0
-12.0,2.0
-1.0,-1.0
3.0,1.0
4.0,-1.0
0.0,1.0
3.0,0.0
3.0,-14.0
18.0,13.0
-1.0,-30.0
0.0,-1.0
-7.0,-1.0
-10.0,-2.0
-1.0,-29.0
-2.0,0.0
6.0,-2.0
5.0,-2.0
-10.0,4.0
-4.0,-29.0
-10.0,3.0
5.0,1.0
2.0,2.0
-3.0,2.0
-7.0,1.0
-2.0,0.0
-1.0,4.0
1.0,-1.0
1.0,-3.0
2.0,0.0
1.0,-2.0
-2.0,-1.0
-4.0,1.0
1.0,-1.0
1.0,-3.0
0.0,0.0
0.0,5.0
12.0,-1.0
2.0,3.0
0.0,-1.0
-3.0,-1.0
-2.0,1.0
-1.0,0.0
-6.0,2.0
0.0,-1.0
1.0,-1.0
2.0,-3.0
3.0,-4.0
4.0,-30.0
5.0,-24.0
-4.0,-25.0
-2.0,1.0
3.0,0.0
0.0,1.0
-5.0,0.0
-3.0,0.0
5.0,-2.0
-6.0,3.0
0.0,-30.0
-4.0,3.0
4.0,20.0
7.0,15.0
-10.0,2.0
0.0,-2.0
-2.0,1.0
4.0,-3.0
-7.0,1.0
-4.0,2.0
10.0,-3.0
4.0,0.0
-1.0,2.0
3.0,0.0
1.0,4.0
4.0,0.0
-2.0,0.0
0.0,0.0
-1.0,2.0
-4.0,5.0
1.0,2.0
0.0,-3.0
-2.0,0.0
-1.0,3.0
-2.0,3.0
-1.0,-1.0
-3.0,-1.0
3.0,-3.0
6.0,-3.0
3.0,-29.0
6.0,-3.0
4.0,0.0
-4.0,2.0
1.0,-2.0
-3.0,-1.0
3.0,-1.0
-3.0,-1.0
2.0,0.0
-2.0,-1.0
-6.0,-29.0
7.0,0.0
-4.0,-30.0
-8.0,-1.0
12.0,2.0
-30.0,30.0
-29.0,30.0
-4.0,-1.0
-3.0,-4.0
8.0,-7.0
-5.0,-1.0
-4.0,-4.0
-2.0,1.0
3.0,-1.0
0.0,2.0
-4.0,1.0
-6.0,1.0
-5.0,27.0
4.0,-1.0
-4.0,2.0
-20.0,26.0
15.0,19.0
-1.0,-27.0
-2.0,1.0
1.0,0.0
-1.0,5.0
-4.0,0.0
-2.0,1.0
-5.0,2.0
1.0,3.0
-10.0,6.0
-7.0,1.0
4.0,0.0
-5.0,7.0
-16.0,3.0
-14.0,2.0
-8.0,1.0
-14.0,3.0
-5.0,1.0
-7.0,2.0
0.0,4.0
-6.0,0.0
1.0,0.0
-4.0,2.0
-3.0,3.0
-6.0,3.0
1.0,4.0
2.0,0.0
24.0,-21.0
-6.0,1.0
-2.0,-2.0
1.0,0.0
-6.0,0.0
3.0,-3.0
-2.0,2.0
2.0,1.0
-1.0,1.0
25.0,28.0
0.0,1.0
0.0,-2.0
-17.0,4.0
2.0,-6.0
-1.0,2.0
6.0,-1.0
2.0,-1.0
-2.0,0.0
4.0,-30.0
-1.0,2.0
3.0,-30.0
-1.0,1.0
-11.0,1.0
-2.0,-30.0
-1.0,0.0
4.0,-1.0
-1.0,0.0
3.0,-2.0
0.0,0.0
-4.0,0.0
-3.0,-1.0
2.0,-1.0
0.0,-1.0
0.0,1.0
-11.0,0.0
5.0,-2.0
1.0,-1.0
-7.0,0.0
2.0,-1.0
-1.0,1.0
-1.0,0.0
-10.0,0.0
