0.0,-1.0
1.0,0.0
1.0,0.0
2.0,-1.0
3.0,0.0
5.0,1.0
0.0,1.0
2.0,-1.0
1.0,-2.0
2.0,0.0
2.0,-2.0
0.0,0.0
0.0,0.0
1.0,0.0
2.0,-1.0
1.0,1.0
1.0,0.0
0.0,-1.0
0.0,-1.0
1.0,-1.0
2.0,-2.0
-2.0,2.0
0.0,1.0
0.0,0.0
0.0,0.0
-2.0,1.0
-1.0,0.0
-1.0,3.0
1.0,0.0
0.0,0.0
1.0,0.0
0.0,-1.0
-1.0,0.0
1.0,0.0
2.0,1.0
1.0,-1.0
-1.0,0.0
-1.0,0.0
-3.0,-1.0
2.0,0.0
3.0,0.0
0.0,-1.0
-1.0,0.0
1.0,0.0
0.0,0.0
1.0,2.0
3.0,1.0
1.0,2.0
2.0,1.0
2.0,0.0
3.0,-1.0
1.0,0.0
2.0,1.0
-3.0,-1.0
-8.0,2.0
0.0,0.0
1.0,0.0
1.0,0.0
1.0,0.0
3.0,1.0
2.0,1.0
3.0,0.0
3.0,0.0
2.0,0.0
3.0,0.0
2.0,-2.0
-1.0,-1.0
1.0,1.0
0.0,-1.0
0.0,-1.0
0.0,-1.0
0.0,-2.0
-1.0,-2.0
0.0,-2.0
2.0,0.0
2.0,0.0
0.0,1.0
1.0,0.0
1.0,-1.0
2.0,0.0
2.0,-1.0
0.0,0.0
2.0,-1.0
4.0,0.0
1.0,1.0
-1.0,0.0
0.0,-1.0
2.0,-1.0
1.0,0.0
0.0,0.0
-1.0,-1.0
1.0,-1.0
2.0,-1.0
-1.0,-1.0
1.0,-1.0
1.0,-1.0
0.0,1.0
1.0,-3.0
2.0,0.0
0.0,1.0
-1.0,-1.0
0.0,-2.0
1.0,-1.0
0.0,0.0
1.0,-2.0
1.0,-1.0
0.0,-1.0
-2.0,2.0
-2.0,2.0
-1.0,-1.0
-1.0,1.0
0.0,-1.0
0.0,0.0
1.0,0.0
1.0,0.0
22.0,15.0
1.0,-1.0
2.0,-1.0
1.0,-2.0
2.0,-1.0
0.0,-1.0
1.0,0.0
2.0,-1.0
1.0,-1.0
0.0,-1.0
-1.0,-2.0
0.0,0.0
0.0,-1.0
1.0,-1.0
1.0,-1.0
0.0,0.0
1.0,0.0
1.0,0.0
0.0,1.0
-1.0,2.0
0.0,2.0
0.0,3.0
1.0,0.0
0.0,2.0
1.0,-1.0
0.0,0.0
0.0,2.0
-1.0,-2.0
0.0,-1.0
0.0,-2.0
-1.0,-8.0
0.0,0.0
1.0,1.0
0.0,1.0
1.0,1.0
1.0,1.0
0.0,2.0
0.0,-1.0
1.0,-1.0
1.0,0.0
-1.0,1.0
1.0,1.0
0.0,0.0
1.0,0.0
1.0,1.0
1.0,1.0
-1.0,0.0
1.0,0.0
0.0,0.0
-1.0,0.0
0.0,-1.0
0.0,1.0
-1.0,1.0
2.0,1.0
-1.0,2.0
1.0,0.0
1.0,0.0
1.0,0.0
1.0,0.0
0.0,1.0
1.0,1.0
0.0,-1.0
1.0,-1.0
-1.0,-1.0
2.0,-2.0
1.0,-1.0
2.0,-1.0
0.0,-1.0
-2.0,-1.0
-1.0,0.0
0.0,-1.0
0.0,-1.0
0.0,0.0
0.0,-1.0
-1.0,0.0
1.0,-1.0
0.0,1.0
0.0,1.0
0.0,1.0
1.0,0.0
0.0,2.0
0.0,1.0
0.0,-1.0
0.0,1.0
1.0,0.0
1.0,0.0
0.0,0.0
0.0,-1.0
0.0,0.0
-1.0,-1.0
-2.0,0.0
0.0,1.0
-1.0,-1.0
-2.0,1.0
1.0,0.0
-1.0,2.0
1.0,0.0
0.0,-1.0
0.0,-1.0
-2.0,1.0
3.0,2.0
0.0,1.0
1.0,1.0
0.0,3.0
-1.0,3.0
0.0,3.0
1.0,1.0
0.0,0.0
1.0,0.0
0.0,0.0
2.0,0.0
-1.0,-1.0
-1.0,0.0
-3.0,2.0
-1.0,1.0
1.0,1.0
-4.0,1.0
3.0,1.0
0.0,3.0
0.0,4.0
1.0,2.0
1.0,1.0
-1.0,2.0
3.0,1.0
1.0,3.0
0.0,0.0
-1.0,-1.0
-1.0,0.0
0.0,1.0
0.0,0.0
1.0,1.0
0.0,-1.0
0.0,-2.0
-1.0,0.0
0.0,1.0
-2.0,1.0
-1.0,-1.0
-1.0,-2.0
-1.0,-3.0
3.0,0.0
0.0,0.0
1.0,-1.0
0.0,0.0
1.0,-1.0
2.0,-1.0
0.0,0.0
0.0,0.0
-1.0,0.0
0.0,0.0
0.0,0.0
0.0,-1.0
-1.0,2.0
-1.0,3.0
0.0,3.0
0.0,1.0
1.0,2.0
2.0,1.0
3.0,1.0
1.0,0.0
0.0,-1.0
-28.0,-2.0
24.0,2.0
1.0,0.0
0.0,0.0
1.0,1.0
0.0,-1.0
-3.0,-8.0
-1.0,-2.0
0.0,0.0
0.0,-1.0
-1.0,-1.0
1.0,-1.0
0.0,-1.0
1.0,1.0
0.0,0.0
1.0,-1.0
2.0,1.0
1.0,1.0
0.0,-3.0
-1.0,-2.0
1.0,-1.0
1.0,-2.0
2.0,0.0
4.0,-1.0
-1.0,-1.0
1.0,-2.0
0.0,-1.0
0.0,-2.0
0.0,-2.0
2.0,-2.0
3.0,-1.0
1.0,-1.0
1.0,1.0
0.0,-2.0
1.0,-1.0
1.0,-1.0
0.0,0.0
2.0,-1.0
0.0,0.0
0.0,0.0
1.0,0.0
1.0,-1.0
0.0,1.0
2.0,0.0
0.0,0.0
-1.0,-1.0
-1.0,0.0
-2.0,1.0
0.0,-1.0
0.0,0.0
0.0,-2.0
0.0,0.0
-1.0,0.0
0.0,-2.0
-1.0,1.0
0.0,-2.0
-2.0,1.0
0.0,-1.0
1.0,-1.0
0.0,2.0
1.0,1.0
0.0,0.0
-1.0,1.0
-1.0,-1.0
-1.0,0.0
0.0,-2.0
-1.0,1.0
1.0,1.0
0.0,0.0
0.0,1.0
28.0,4.0
0.0,-3.0
1.0,0.0
-1.0,-1.0
1.0,1.0
-1.0,1.0
2.0,-1.0
1.0,0.0
0.0,1.0
1.0,0.0
3.0,0.0
1.0,1.0
2.0,0.0
0.0,0.0
0.0,-1.0
0.0,0.0
-1.0,2.0
1.0,1.0
-1.0,0.0
-1.0,0.0
0.0,1.0
1.0,-1.0
1.0,-3.0
2.0,-1.0
1.0,-1.0
0.0,0.0
-2.0,1.0
0.0,1.0
-2.0,1.0
1.0,1.0
0.0,2.0
-2.0,2.0
0.0,-1.0
1.0,0.0
-1.0,1.0
-1.0,0.0
-1.0,2.0
-1.0,3.0
2.0,-3.0
1.0,0.0
2.0,-1.0
1.0,-1.0
1.0,-2.0
1.0,-1.0
3.0,0.0
2.0,1.0
3.0,-1.0
0.0,0.0
4.0,0.0
0.0,-1.0
1.0,0.0
-1.0,1.0
-3.0,1.0
2.0,1.0
1.0,0.0
2.0,0.0
0.0,-2.0
0.0,-1.0
0.0,-2.0
-1.0,1.0
0.0,0.0
0.0,-1.0
-1.0,-1.0
2.0,-1.0
0.0,0.0
2.0,-2.0
0.0,-2.0
2.0,0.0
1.0,1.0
1.0,-2.0
2.0,-1.0
0.0,0.0
1.0,-3.0
-1.0,1.0
0.0,3.0
0.0,-2.0
-1.0,-2.0
0.0,-1.0
0.0,1.0
0.0,0.0
0.0,0.0
0.0,0.0
0.0,0.0
0.0,1.0
0.0,0.0
-1.0,2.0
-1.0,1.0
1.0,1.0
0.0,1.0
1.0,0.0
1.0,1.0
1.0,0.0
-2.0,2.0
2.0,0.0
-1.0,0.0
1.0,-2.0
0.0,0.0
2.0,-1.0
1.0,-1.0
0.0,-1.0
0.0,0.0
-1.0,2.0
-2.0,1.0
-1.0,0.0
-1.0,-3.0
0.0,-2.0
-1.0,-1.0
-1.0,0.0
0.0,1.0
0.0,0.0
0.0,0.0
0.0,-1.0
0.0,-2.0
0.0,-2.0
2.0,-2.0
0.0,0.0
1.0,1.0
0.0,0.0
0.0,0.0
1.0,0.0
1.0,-1.0
0.0,-1.0
0.0,-1.0
1.0,1.0
1.0,0.0
0.0,1.0
0.0,1.0
0.0,2.0
-1.0,0.0
-2.0,2.0
-3.0,3.0
1.0,-1.0
-1.0,0.0
0.0,1.0
2.0,1.0
3.0,0.0
-1.0,-2.0
0.0,-1.0
1.0,-1.0
0.0,0.0
0.0,0.0
-2.0,1.0
-2.0,1.0
1.0,1.0
-1.0,0.0
-1.0,2.0
2.0,1.0
1.0,0.0
-1.0,-1.0
-1.0,1.0
-1.0,0.0
3.0,1.0
1.0,-1.0
-1.0,-2.0
1.0,-1.0
0.0,0.0
4.0,0.0
0.0,1.0
1.0,1.0
0.0,0.0
-2.0,3.0
0.0,-1.0
1.0,0.0
1.0,-1.0
0.0,0.0
0.0,0.0
-1.0,-1.0
-1.0,0.0
0.0,-1.0
-1.0,0.0
1.0,0.0
1.0,0.0
0.0,0.0
0.0,2.0
1.0,3.0
0.0,1.0
-2.0,-1.0
-1.0,1.0
-1.0,-1.0
0.0,0.0
0.0,-1.0
0.0,0.0
-1.0,1.0
0.0,-1.0
1.0,2.0
1.0,-1.0
2.0,0.0
-1.0,0.0
2.0,-2.0
4.0,-3.0
1.0,0.0
1.0,0.0
0.0,0.0
3.0,-4.0
-3.0,-16.0
-1.0,1.0
2.0,2.0
1.0,1.0
2.0,0.0
-1.0,0.0
-1.0,1.0
0.0,2.0
-1.0,2.0
0.0,2.0
7.0,-1.0
6.0,-1.0
6.0,0.0
5.0,1.0
2.0,0.0
1.0,0.0
3.0,0.0
4.0,1.0
28.0,3.0
2.0,1.0
0.0,0.0
0.0,-1.0
1.0,0.0
2.0,-1.0
2.0,-1.0
1.0,-2.0
0.0,-1.0
1.0,-1.0
0.0,0.0
0.0,0.0
-1.0,0.0
-1.0,-1.0
3.0,-2.0
3.0,-2.0
2.0,0.0
-2.0,-1.0
0.0,0.0
-1.0,1.0
-2.0,0.0
0.0,1.0
3.0,1.0
1.0,0.0
2.0,0.0
2.0,0.0
3.0,0.0
2.0,0.0
3.0,-1.0
0.0,-2.0
1.0,-1.0
0.0,-2.0
1.0,-2.0
0.0,0.0
2.0,-1.0
0.0,1.0
1.0,0.0
2.0,-3.0
1.0,1.0
1.0,0.0
0.0,0.0
4.0,1.0
4.0,0.0
3.0,1.0
1.0,1.0
-1.0,2.0
0.0,-1.0
0.0,-2.0
-1.0,0.0
0.0,0.0
-1.0,-1.0
-1.0,1.0
0.0,-1.0
1.0,-1.0
0.0,0.0
1.0,-1.0
0.0,-1.0
0.0,0.0
1.0,-1.0
1.0,-2.0
-1.0,-1.0
0.0,-1.0
0.0,-2.0
2.0,-1.0
1.0,0.0
0.0,-1.0
-1.0,1.0
1.0,-1.0
-2.0,2.0
-2.0,-1.0
-3.0,1.0
2.0,0.0
2.0,1.0
0.0,-2.0
1.0,0.0
3.0,0.0
1.0,-1.0
0.0,-1.0
0.0,0.0
1.0,0.0
2.0,0.0
1.0,0.0
1.0,-2.0
1.0,1.0
2.0,0.0
2.0,1.0
3.0,-1.0
0.0,0.0
1.0,0.0
-2.0,0.0
-1.0,-2.0
1.0,-1.0
0.0,0.0
1.0,0.0
1.0,-1.0
1.0,0.0
-1.0,2.0
0.0,1.0
0.0,1.0
-1.0,1.0
0.0,0.0
2.0,1.0
-1.0,1.0
0.0,-1.0
0.0,-3.0
0.0,0.0
2.0,0.0
0.0,2.0
-1.0,0.0
1.0,1.0
-2.0,3.0
1.0,0.0
0.0,0.0
1.0,0.0
1.0,1.0
0.0,-1.0
-1.0,1.0
-1.0,-1.0
0.0,-1.0
1.0,1.0
1.0,1.0
0.0,-1.0
1.0,-2.0
-1.0,-1.0
-1.0,-3.0
0.0,-3.0
-1.0,0.0
1.0,1.0
1.0,0.0
0.0,2.0
2.0,-2.0
4.0,0.0
4.0,2.0
-1.0,-1.0
-1.0,1.0
-1.0,-5.0
-1.0,-5.0
2.0,-1.0
1.0,0.0
0.0,-1.0
2.0,-2.0
1.0,-2.0
-1.0,-1.0
-2.0,-1.0
-3.0,0.0
0.0,-1.0
-2.0,0.0
2.0,1.0
1.0,1.0
2.0,1.0
0.0,0.0
-1.0,-1.0
1.0,-1.0
-1.0,1.0
-1.0,-1.0
0.0,-2.0
0.0,-2.0
-1.0,-1.0
-1.0,0.0
2.0,-1.0
2.0,-1.0
1.0,0.0
-1.0,0.0
-1.0,0.0
1.0,0.0
27.0,1.0
26.0,-3.0
1.0,-1.0
0.0,0.0
0.0,2.0
2.0,0.0
0.0,0.0
2.0,-1.0
2.0,-1.0
2.0,-2.0
0.0,0.0
0.0,1.0
1.0,0.0
1.0,0.0
0.0,1.0
0.0,1.0
-1.0,-2.0
2.0,-2.0
1.0,0.0
1.0,-1.0
1.0,-1.0
1.0,0.0
0.0,-2.0
1.0,0.0
-3.0,-1.0
-1.0,-1.0
-2.0,-1.0
-2.0,1.0
-2.0,2.0
3.0,0.0
2.0,-1.0
0.0,-1.0
2.0,0.0
0.0,0.0
0.0,-1.0
0.0,1.0
0.0,1.0
2.0,2.0
1.0,1.0
0.0,0.0
0.0,0.0
0.0,2.0
0.0,1.0
-1.0,0.0
-2.0,3.0
-1.0,1.0
-1.0,2.0
1.0,0.0
2.0,1.0
0.0,1.0
-2.0,2.0
-2.0,0.0
-1.0,2.0
-1.0,-1.0
1.0,0.0
0.0,-1.0
0.0,-1.0
0.0,0.0
0.0,-1.0
0.0,1.0
-1.0,-1.0
-2.0,0.0
2.0,-1.0
-2.0,1.0
-3.0,1.0
-1.0,-8.0
1.0,0.0
-2.0,0.0
0.0,2.0
-1.0,1.0
0.0,1.0
4.0,1.0
2.0,-1.0
2.0,1.0
1.0,3.0
0.0,0.0
1.0,1.0
2.0,1.0
1.0,2.0
0.0,0.0
0.0,1.0
0.0,1.0
0.0,1.0
1.0,-1.0
3.0,3.0
1.0,1.0
1.0,1.0
1.0,2.0
4.0,1.0
2.0,0.0
4.0,0.0
-1.0,1.0
0.0,1.0
3.0,2.0
-1.0,1.0
-1.0,1.0
-1.0,-2.0
-2.0,0.0
0.0,-1.0
0.0,0.0
-1.0,0.0
-1.0,2.0
-1.0,0.0
-1.0,1.0
1.0,1.0
1.0,0.0
0.0,1.0
0.0,-1.0
0.0,0.0
1.0,1.0
-1.0,2.0
0.0,1.0
3.0,-1.0
-17.0,-1.0
-1.0,1.0
0.0,3.0
3.0,0.0
-2.0,-3.0
1.0,-1.0
0.0,0.0
0.0,-1.0
0.0,-1.0
2.0,-2.0
-1.0,0.0
1.0,1.0
2.0,1.0
-1.0,1.0
1.0,-3.0
2.0,1.0
-1.0,2.0
1.0,0.0
0.0,1.0
1.0,0.0
1.0,0.0
0.0,0.0
1.0,-1.0
-2.0,0.0
0.0,0.0
2.0,0.0
1.0,0.0
-1.0,-1.0
1.0,0.0
3.0,0.0
-2.0,-1.0
-1.0,0.0
0.0,0.0
0.0,1.0
0.0,0.0
-2.0,0.0
-1.0,1.0
-2.0,-15.0
0.0,-1.0
1.0,0.0
1.0,0.0
5.0,1.0
4.0,2.0
4.0,1.0
-2.0,2.0
1.0,1.0
0.0,0.0
-1.0,1.0
0.0,0.0
0.0,0.0
-2.0,2.0
0.0,2.0
1.0,1.0
-2.0,2.0
1.0,0.0
1.0,-2.0
1.0,0.0
3.0,-1.0
1.0,0.0
0.0,1.0
-1.0,0.0
-2.0,2.0
0.0,1.0
2.0,1.0
0.0,0.0
0.0,2.0
0.0,1.0
-1.0,0.0
0.0,1.0
0.0,1.0
0.0,-2.0
-24.0,0.0
-5.0,0.0
1.0,1.0
2.0,1.0
1.0,2.0
1.0,-2.0
0.0,0.0
0.0,1.0
-1.0,1.0
-3.0,1.0
-2.0,1.0
-1.0,1.0
0.0,1.0
1.0,1.0
0.0,1.0
-1.0,0.0
-1.0,0.0
0.0,1.0
-1.0,0.0
-2.0,2.0
-1.0,1.0
5.0,1.0
0.0,-1.0
1.0,1.0
-1.0,1.0
0.0,0.0
1.0,-2.0
-1.0,0.0
-2.0,2.0
2.0,0.0
-2.0,1.0
-2.0,2.0
-1.0,2.0
0.0,1.0
-1.0,2.0
-1.0,1.0
1.0,3.0
0.0,0.0
1.0,1.0
0.0,0.0
0.0,1.0
-2.0,1.0
-2.0,1.0
-1.0,0.0
-2.0,1.0
1.0,-1.0
0.0,1.0
0.0,2.0
1.0,4.0
1.0,1.0
0.0,-1.0
1.0,0.0
3.0,1.0
0.0,0.0
-1.0,1.0
0.0,0.0
-1.0,2.0
0.0,0.0
0.0,-1.0
2.0,0.0
0.0,0.0
2.0,2.0
1.0,2.0
0.0,-1.0
-1.0,0.0
-1.0,1.0
0.0,1.0
-2.0,1.0
1.0,-1.0
0.0,0.0
0.0,0.0
-1.0,-1.0
2.0,-1.0
3.0,0.0
2.0,0.0
-1.0,-1.0
-1.0,1.0
-1.0,0.0
0.0,0.0
0.0,0.0
-1.0,2.0
-1.0,1.0
24.0,-28.0
26.0,30.0
-1.0,0.0
0.0,2.0
-1.0,3.0
1.0,0.0
1.0,1.0
5.0,-17.0
1.0,1.0
1.0,1.0
1.0,1.0
1.0,0.0
-2.0,0.0
0.0,0.0
0.0,1.0
-1.0,-1.0
-1.0,2.0
0.0,1.0
3.0,-4.0
-1.0,0.0
1.0,1.0
0.0,1.0
-2.0,1.0
1.0,1.0
0.0,2.0
-1.0,1.0
-1.0,2.0
0.0,1.0
0.0,-1.0
0.0,-2.0
1.0,-1.0
2.0,0.0
5.0,0.0
1.0,-1.0
2.0,-1.0
1.0,0.0
2.0,1.0
0.0,0.0
4.0,0.0
9.0,0.0
3.0,-2.0
5.0,-1.0
-3.0,0.0
-3.0,-1.0
0.0,1.0
1.0,0.0
1.0,2.0
1.0,1.0
1.0,0.0
1.0,-1.0
2.0,-1.0
1.0,0.0
-2.0,-1.0
-2.0,-2.0
1.0,0.0
-1.0,0.0
-2.0,0.0
0.0,0.0
0.0,-1.0
0.0,0.0
1.0,0.0
0.0,0.0
-1.0,-1.0
1.0,2.0
1.0,0.0
0.0,-1.0
0.0,0.0
-1.0,0.0
1.0,-1.0
1.0,1.0
2.0,-1.0
2.0,-3.0
-1.0,-1.0
-1.0,-2.0
0.0,-1.0
0.0,-2.0
1.0,0.0
1.0,0.0
1.0,0.0
2.0,0.0
2.0,0.0
-1.0,1.0
1.0,1.0
-1.0,1.0
-2.0,0.0
-2.0,2.0
0.0,0.0
0.0,-1.0
-1.0,0.0
0.0,-2.0
-2.0,2.0
-1.0,1.0
0.0,0.0
-1.0,0.0
0.0,0.0
-1.0,1.0
1.0,2.0
0.0,3.0
3.0,-1.0
1.0,0.0
0.0,-1.0
-2.0,0.0
-1.0,2.0
-1.0,1.0
1.0,1.0
1.0,1.0
-1.0,2.0
0.0,0.0
-1.0,0.0
3.0,2.0
3.0,1.0
6.0,0.0
0.0,0.0
0.0,-2.0
0.0,1.0
1.0,1.0
1.0,1.0
0.0,0.0
2.0,0.0
1.0,0.0
-1.0,-1.0
2.0,-2.0
1.0,-2.0
-1.0,-2.0
1.0,1.0
0.0,-1.0
-1.0,0.0
0.0,1.0
-1.0,0.0
-1.0,0.0
-1.0,1.0
-2.0,2.0
-1.0,1.0
1.0,1.0
0.0,1.0
-2.0,1.0
-2.0,1.0
-1.0,1.0
0.0,1.0
1.0,2.0
1.0,1.0
1.0,1.0
0.0,2.0
-1.0,2.0
0.0,0.0
2.0,0.0
3.0,1.0
2.0,0.0
0.0,1.0
3.0,0.0
-1.0,0.0
1.0,2.0
2.0,1.0
1.0,2.0
1.0,-1.0
1.0,0.0
2.0,0.0
2.0,0.0
-1.0,-1.0
-1.0,0.0
2.0,1.0
-1.0,-1.0
-1.0,-1.0
-3.0,1.0
0.0,-1.0
0.0,-1.0
1.0,1.0
2.0,1.0
-1.0,-1.0
1.0,0.0
-3.0,-1.0
-1.0,0.0
-2.0,0.0
0.0,1.0
-1.0,1.0
-1.0,-1.0
0.0,-1.0
-1.0,1.0
-1.0,0.0
1.0,0.0
1.0,0.0
1.0,1.0
0.0,-1.0
-2.0,1.0
0.0,0.0
1.0,2.0
1.0,1.0
0.0,2.0
0.0,0.0
0.0,0.0
1.0,0.0
1.0,1.0
0.0,0.0
1.0,0.0
0.0,0.0
-1.0,0.0
-2.0,1.0
-1.0,2.0
-1.0,1.0
1.0,1.0
-1.0,1.0
-1.0,1.0
-1.0,1.0
0.0,2.0
1.0,-1.0
1.0,-1.0
2.0,1.0
0.0,-1.0
1.0,-1.0
0.0,-1.0
0.0,1.0
-1.0,-1.0
0.0,0.0
-1.0,0.0
0.0,-4.0
0.0,0.0
-1.0,0.0
1.0,0.0
0.0,1.0
1.0,0.0
1.0,1.0
-1.0,1.0
0.0,0.0
-1.0,1.0
4.0,1.0
-2.0,0.0
0.0,1.0
2.0,1.0
1.0,1.0
-2.0,-1.0
0.0,1.0
1.0,-1.0
-1.0,1.0
1.0,-1.0
0.0,0.0
-1.0,1.0
-2.0,0.0
-1.0,3.0
1.0,1.0
3.0,1.0
-1.0,1.0
-1.0,1.0
0.0,4.0
-1.0,2.0
0.0,1.0
-1.0,1.0
-1.0,1.0
-1.0,1.0
0.0,-2.0
0.0,0.0
-1.0,1.0
0.0,1.0
-1.0,0.0
1.0,0.0
0.0,-1.0
2.0,-1.0
-2.0,-1.0
-1.0,1.0
0.0,-2.0
1.0,1.0
2.0,2.0
2.0,2.0
3.0,-1.0
1.0,-2.0
-1.0,0.0
2.0,-1.0
1.0,1.0
-2.0,0.0
-2.0,2.0
-1.0,1.0
0.0,-1.0
-2.0,1.0
-2.0,0.0
0.0,0.0
-2.0,1.0
0.0,1.0
0.0,0.0
-2.0,0.0
5.0,-2.0
5.0,-4.0
3.0,0.0
1.0,-1.0
0.0,-2.0
3.0,-17.0
1.0,-16.0
-2.0,2.0
4.0,1.0
-1.0,0.0
1.0,0.0
-2.0,-1.0
-1.0,1.0
5.0,0.0
11.0,1.0
-1.0,1.0
0.0,0.0
-1.0,0.0
-1.0,0.0
1.0,0.0
-2.0,-1.0
-1.0,0.0
-3.0,-1.0
-1.0,0.0
-1.0,-2.0
26.0,1.0
0.0,-1.0
0.0,-2.0
2.0,0.0
1.0,0.0
2.0,1.0
4.0,1.0
1.0,1.0
1.0,0.0
-1.0,1.0
2.0,0.0
4.0,-1.0
8.0,0.0
0.0,0.0
0.0,-1.0
4.0,-1.0
1.0,0.0
-3.0,1.0
-1.0,0.0
-1.0,0.0
0.0,-1.0
1.0,0.0
3.0,1.0
0.0,2.0
-1.0,-1.0
2.0,2.0
3.0,1.0
2.0,1.0
5.0,1.0
2.0,-1.0
1.0,1.0
1.0,-2.0
0.0,-2.0
6.0,0.0
0.0,-3.0
0.0,-1.0
-1.0,-1.0
3.0,1.0
-2.0,1.0
-1.0,0.0
0.0,-1.0
0.0,-1.0
1.0,0.0
0.0,-4.0
-2.0,-2.0
27.0,24.0
0.0,1.0
0.0,0.0
1.0,0.0
-1.0,1.0
1.0,1.0
-2.0,1.0
-2.0,1.0
-1.0,0.0
3.0,1.0
2.0,0.0
0.0,0.0
-1.0,0.0
-1.0,0.0
0.0,1.0
2.0,0.0
2.0,1.0
7.0,0.0
1.0,1.0
2.0,0.0
-2.0,1.0
-2.0,1.0
0.0,1.0
0.0,2.0
-2.0,-1.0
0.0,-2.0
0.0,0.0
-1.0,0.0
-2.0,-1.0
-1.0,0.0
0.0,0.0
-2.0,-2.0
-2.0,0.0
1.0,-2.0
-2.0,0.0
1.0,0.0
3.0,-1.0
0.0,3.0
0.0,0.0
-1.0,1.0
-2.0,0.0
1.0,1.0
-2.0,0.0
2.0,1.0
-1.0,0.0
-1.0,0.0
2.0,-1.0
0.0,0.0
2.0,-1.0
-1.0,0.0
1.0,-1.0
-1.0,3.0
-2.0,3.0
-1.0,0.0
-1.0,1.0
0.0,0.0
1.0,0.0
-2.0,3.0
-5.0,1.0
-3.0,3.0
2.0,-1.0
2.0,1.0
2.0,0.0
1.0,-1.0
-1.0,0.0
0.0,1.0
1.0,0.0
-3.0,2.0
0.0,0.0
0.0,-1.0
0.0,-1.0
0.0,0.0
-2.0,-2.0
-1.0,-2.0
-1.0,1.0
0.0,0.0
0.0,0.0
1.0,-1.0
-1.0,-1.0
-1.0,1.0
-1.0,-1.0
0.0,-1.0
-2.0,0.0
0.0,-2.0
-1.0,-3.0
2.0,0.0
-1.0,1.0
0.0,0.0
-1.0,0.0
0.0,0.0
-1.0,0.0
0.0,0.0
5.0,2.0
0.0,0.0
0.0,-1.0
0.0,0.0
-1.0,2.0
-1.0,-1.0
-1.0,-1.0
0.0,0.0
-2.0,0.0
3.0,1.0
0.0,-1.0
4.0,1.0
2.0,-1.0
1.0,-1.0
-1.0,0.0
1.0,-1.0
7.0,-2.0
0.0,1.0
-1.0,0.0
0.0,0.0
2.0,1.0
0.0,0.0
-1.0,0.0
5.0,-3.0
2.0,0.0
0.0,-1.0
-1.0,1.0
-1.0,0.0
-2.0,-1.0
-1.0,1.0
-3.0,-1.0
1.0,0.0
28.0,0.0
20.0,1.0
4.0,-1.0
0.0,-1.0
3.0,-1.0
1.0,-2.0
0.0,0.0
0.0,0.0
1.0,-2.0
-2.0,2.0
1.0,0.0
0.0,2.0
2.0,2.0
0.0,1.0
1.0,0.0
1.0,-2.0
