5.0,2.0
6.0,0.0
9.0,-3.0
-2.0,-30.0
-2.0,-3.0
-5.0,0.0
0.0,0.0
-2.0,-1.0
0.0,-4.0
-2.0,-30.0
-4.0,4.0
-3.0,0.0
-1.0,0.0
-1.0,-1.0
-3.0,0.0
-3.0,-30.0
-2.0,-1.0
-3.0,0.0
1.0,1.0
0.0,1.0
-2.0,1.0
0.0,0.0
-1.0,1.0
-5.0,-2.0
-3.0,0.0
-2.0,0.0
-1.0,0.0
0.0,-2.0
-9.0,0.0
0.0,-1.0
-2.0,0.0
-6.0,0.0
0.0,2.0
0.0,1.0
-1.0,4.0
-5.0,0.0
-10.0,-1.0
-5.0,-2.0
-7.0,8.0
4.0,0.0
-5.0,0.0
2.0,-1.0
-5.0,0.0
4.0,1.0
0.0,1.0
-4.0,-30.0
2.0,-1.0
1.0,1.0
3.0,-30.0
-4.0,-2.0
-9.0,0.0
3.0,0.0
1.0,1.0
-2.0,1.0
2.0,1.0
0.0,2.0
-4.0,-2.0
-4.0,-25.0
-6.0,-30.0
1.0,-4.0
-2.0,0.0
0.0,-28.0
4.0,-1.0
-4.0,1.0
-4.0,4.0
-6.0,0.0
1.0,1.0
-6.0,0.0
-3.0,1.0
-1.0,2.0
5.0,-2.0
6.0,-1.0
0.0,-1.0
2.0,0.0
-3.0,0.0
-10.0,-1.0
-1.0,0.0
-2.0,0.0
-2.0,-2.0
-3.0,-3.0
-4.0,-1.0
-4.0,-1.0
-6.0,-1.0
3.0,-2.0
0.0,-4.0
-2.0,-2.0
-2.0,-1.0
-9.0,-2.0
-1.0,0.0
-5.0,1.0
-1.0,-30.0
-1.0,0.0
0.0,0.0
0.0,-3.0
3.0,-3.0
-2.0,-1.0
-3.0,-1.0
-6.0,-1.0
-2.0,-1.0
0.0,1.0
-26.0,-24.0
2.0,0.0
0.0,1.0
-1.0,2.0
-17.0,-1.0
-7.0,-5.0
-2.0,-1.0
-17.0,30.0
-1.0,-1.0
-2.0,-1.0
30.0,30.0
0.0,-2.0
3.0,1.0
2.0,-1.0
-1.0,-3.0
0.0,-3.0
1.0,0.0
0.0,0.0
0.0,0.0
-11.0,2.0
-5.0,0.0
-4.0,0.0
0.0,27.0
-6.0,0.0
-16.0,1.0
-1.0,-1.0
-10.0,0.0
-8.0,2.0
-1.0,-30.0
-4.0,-1.0
-1.0,-1.0
0.0,0.0
0.0,1.0
-5.0,-1.0
-2.0,1.0
-2.0,-1.0
4.0,5.0
-1.0,1.0
-2.0,-30.0
1.0,1.0
-4.0,-2.0
-2.0,0.0
-13.0,0.0
-1.0,2.0
-4.0,1.0
-5.0,1.0
0.0,1.0
-2.0,0.0
-1.0,0.0
2.0,-1.0
0.0,1.0
0.0,1.0
-1.0,0.0
0.0,0.0
-1.0,-1.0
1.0,-1.0
0.0,0.0
-2.0,0.0
-1.0,-3.0
7.0,-1.0
0.0,0.0
-8.0,0.0
7.0,3.0
-4.0,1.0
-1.0,2.0
-3.0,-2.0
1.0,0.0
-4.0,-1.0
-1.0,-1.0
30.0,-28.0
-8.0,0.0
-1.0,0.0
0.0,2.0
1.0,2.0
-2.0,-1.0
-7.0,0.0
-9.0,1.0
0.0,-1.0
-8.0,-2.0
-4.0,-29.0
-2.0,-1.0
-2.0,-1.0
-3.0,-1.0
-1.0,2.0
-13.0,1.0
-12.0,-30.0
-1.0,-25.0
-9.0,1.0
-2.0,2.0
-15.0,-5.0
-2.0,1.0
3.0,0.0
-4.0,1.0
3.0,3.0
-1.0,0.0
0.0,1.0
-4.0,0.0
2.0,-30.0
-1.0,5.0
2.0,2.0
4.0,2.0
1.0,3.0
2.0,0.0
3.0,3.0
3.0,1.0
2.0,-4.0
-5.0,1.0
3.0,-1.0
4.0,16.0
4.0,0.0
0.0,-26.0
0.0,0.0
-2.0,1.0
-2.0,1.0
-4.0,1.0
0.0,0.0
-6.0,2.0
1.0,0.0
2.0,1.0
-1.0,0.0
0.0,-1.0
-2.0,0.0
-4.0,0.0
-2.0,2.0
-2.0,-30.0
0.0,1.0
0.0,-30.0
2.0,4.0
-3.0,-3.0
2.0,4.0
0.0,-1.0
0.0,-2.0
1.0,-2.0
2.0,1.0
-3.0,-2.0
1.0,0.0
0.0,0.0
-6.0,2.0
-8.0,-1.0
0.0,0.0
-2.0,30.0
-1.0,1.0
-2.0,0.0
1.0,30.0
-1.0,1.0
-11.0,-2.0
0.0,-3.0
2.0,0.0
2.0,-2.0
3.0,-2.0
5.0,0.0
2.0,-1.0
-8.0,-1.0
-4.0,1.0
-2.0,0.0
0.0,8.0
1.0,2.0
-8.0,7.0
-8.0,1.0
5.0,1.0
-5.0,0.0
-1.0,1.0
1.0,-2.0
3.0,1.0
4.0,0.0
3.0,-4.0
0.0,0.0
-3.0,-30.0
-11.0,0.0
-11.0,0.0
1.0,-1.0
-1.0,-1.0
-8.0,-1.0
1.0,0.0
-14.0,2.0
3.0,10.0
-1.0,-1.0
1.0,-1.0
-2.0,0.0
-4.0,-1.0
-26.0,20.0
0.0,-2.0
-12.0,30.0
-25.0,30.0
-4.0,1.0
-4.0,0.0
-5.0,-30.0
-8.0,4.0
-2.0,2.0
2.0,2.0
1.0,0.0
-1.0,3.0
-30.0,30.0
3.0,4.0
-11.0,1.0
0.0,1.0
-4.0,2.0
-5.0,2.0
-1.0,2.0
-1.0,1.0
-1.0,-3.0
-6.0,1.0
-4.0,-1.0
-1.0,1.0
6.0,0.0
1.0,1.0
-1.0,-1.0
-8.0,-1.0
0.0,-1.0
-1.0,-2.0
-5.0,0.0
-7.0,-2.0
-8.0,1.0
0.0,3.0
-3.0,2.0
-7.0,3.0
-1.0,3.0
0.0,1.0
-10.0,0.0
-2.0,0.0
-2.0,2.0
2.0,-1.0
2.0,-6.0
1.0,-2.0
12.0,-4.0
9.0,1.0
3.0,0.0
-1.0,-1.0
3.0,1.0
-3.0,0.0
-4.0,1.0
2.0,1.0
4.0,3.0
1.0,-1.0
-2.0,-1.0
-2.0,0.0
4.0,1.0
-1.0,0.0
1.0,0.0
2.0,-1.0
0.0,-1.0
1.0,0.0
3.0,-2.0
2.0,0.0
-5.0,0.0
5.0,1.0
7.0,2.0
-2.0,-1.0
3.0,-1.0
-3.0,2.0
5.0,-1.0
-1.0,-1.0
0.0,-28.0
3.0,3.0
-7.0,0.0
-13.0,0.0
-2.0,2.0
-2.0,2.0
2.0,1.0
0.0,1.0
2.0,-17.0
-15.0,2.0
0.0,-22.0
1.0,1.0
-1.0,-3.0
0.0,-1.0
-3.0,-1.0
-1.0,-1.0
3.0,1.0
1.0,0.0
2.0,-30.0
0.0,-1.0
2.0,0.0
1.0,2.0
0.0,-1.0
-2.0,-2.0
-6.0,-3.0
-2.0,-3.0
-6.0,-4.0
3.0,-6.0
5.0,-5.0
9.0,2.0
-20.0,5.0
-4.0,1.0
1.0,0.0
-1.0,0.0
0.0,0.0
-7.0,2.0
-8.0,5.0
-1.0,0.0
-1.0,0.0
5.0,2.0
-9.0,-5.0
6.0,-1.0
-4.0,1.0
5.0,0.0
-7.0,0.0
0.0,-1.0
-1.0,0.0
-3.0,2.0
-6.0,-1.0
-20.0,2.0
-2.0,-5.0
-8.0,-3.0
-2.0,-1.0
-4.0,0.0
30.0,30.0
1.0,0.0
-1.0,0.0
-7.0,0.0
-7.0,1.0
0.0,-2.0
-2.0,-2.0
1.0,-1.0
-5.0,-2.0
1.0,-2.0
4.0,0.0
-2.0,2.0
-1.0,-1.0
-4.0,1.0
0.0,-1.0
1.0,-2.0
2.0,-1.0
3.0,0.0
0.0,0.0
-4.0,-4.0
-1.0,-1.0
0.0,1.0
0.0,-1.0
-6.0,-2.0
1.0,3.0
-1.0,-1.0
0.0,-1.0
-4.0,-1.0
-6.0,5.0
-8.0,10.0
-8.0,0.0
-13.0,-1.0
-9.0,0.0
2.0,0.0
-2.0,-2.0
2.0,0.0
-9.0,-1.0
6.0,0.0
1.0,0.0
-5.0,3.0
9.0,2.0
-12.0,3.0
0.0,3.0
11.0,3.0
-12.0,3.0
0.0,0.0
0.0,1.0
-1.0,0.0
-9.0,-1.0
-3.0,0.0
1.0,-30.0
5.0,1.0
-1.0,-2.0
0.0,-1.0
0.0,1.0
4.0,-4.0
30.0,6.0
-1.0,2.0
0.0,1.0
0.0,1.0
-8.0,-1.0
0.0,1.0
-7.0,0.0
0.0,1.0
-10.0,0.0
-1.0,1.0
-2.0,-2.0
-1.0,-1.0
-10.0,0.0
-4.0,0.0
-1.0,1.0
-2.0,1.0
-4.0,1.0
-1.0,1.0
0.0,-1.0
0.0,-4.0
-1.0,-5.0
-9.0,1.0
-3.0,0.0
2.0,1.0
0.0,1.0
-3.0,-1.0
-2.0,0.0
-2.0,0.0
-2.0,-1.0
-2.0,0.0
11.0,-1.0
-2.0,-3.0
-2.0,1.0
3.0,3.0
-6.0,3.0
-18.0,2.0
-1.0,1.0
-1.0,0.0
3.0,1.0
-4.0,-29.0
-10.0,28.0
-4.0,2.0
-2.0,-1.0
-1.0,1.0
6.0,30.0
1.0,0.0
-1.0,-2.0
-2.0,-2.0
2.0,0.0
4.0,0.0
3.0,0.0
0.0,1.0
1.0,1.0
-1.0,-18.0
-30.0,15.0
-30.0,22.0
0.0,24.0
-29.0,16.0
-30.0,23.0
-1.0,0.0
-7.0,1.0
5.0,0.0
1.0,1.0
4.0,1.0
-9.0,1.0
4.0,-1.0
3.0,0.0
-7.0,1.0
1.0,-1.0
1.0,2.0
5.0,2.0
-7.0,2.0
3.0,1.0
-1.0,1.0
0.0,-7.0
2.0,-4.0
4.0,-1.0
3.0,-1.0
3.0,0.0
-4.0,0.0
-15.0,9.0
-6.0,1.0
1.0,-27.0
-7.0,2.0
-1.0,0.0
-1.0,-1.0
-1.0,-27.0
-3.0,-1.0
-1.0,0.0
-8.0,1.0
1.0,1.0
2.0,0.0
0.0,1.0
1.0,0.0
-1.0,1.0
3.0,0.0
1.0,0.0
2.0,-1.0
1.0,1.0
-13.0,3.0
0.0,0.0
-6.0,1.0
-18.0,15.0
-2.0,2.0
-4.0,-30.0
0.0,0.0
-2.0,-30.0
3.0,16.0
-10.0,10.0
1.0,-1.0
3.0,0.0
0.0,1.0
-1.0,-28.0
-4.0,2.0
-3.0,-2.0
-7.0,-1.0
1.0,-2.0
2.0,0.0
-9.0,-2.0
4.0,-2.0
-4.0,2.0
-8.0,1.0
-3.0,-28.0
-5.0,3.0
-4.0,0.0
-4.0,-30.0
-5.0,0.0
0.0,-27.0
-7.0,0.0
-2.0,0.0
-9.0,-3.0
-9.0,-1.0
-2.0,-30.0
1.0,1.0
-1.0,1.0
1.0,1.0
1.0,2.0
-12.0,2.0
0.0,-2.0
-6.0,-3.0
2.0,-1.0
-12.0,-30.0
-4.0,-24.0
-2.0,-27.0
-1.0,-28.0
0.0,-28.0
1.0,1.0
-3.0,0.0
-17.0,-1.0
0.0,3.0
0.0,-30.0
-4.0,1.0
-13.0,0.0
-2.0,1.0
-3.0,-30.0
-24.0,30.0
-3.0,0.0
-3.0,1.0
-11.0,15.0
-4.0,1.0
2.0,1.0
2.0,1.0
-2.0,-2.0
-2.0,-1.0
-2.0,1.0
-3.0,0.0
-1.0,-1.0
0.0,2.0
1.0,0.0
-7.0,1.0
-6.0,1.0
-2.0,3.0
-4.0,1.0
0.0,1.0
-4.0,2.0
-7.0,0.0
1.0,-2.0
-6.0,-2.0
-1.0,0.0
-8.0,1.0
-11.0,0.0
-5.0,-1.0
1.0,-1.0
3.0,1.0
-2.0,0.0
-1.0,-2.0
-1.0,-2.0
-9.0,-2.0
-6.0,0.0
-11.0,0.0
-3.0,0.0
1.0,0.0
-2.0,1.0
-4.0,0.0
-2.0,2.0
2.0,2.0
29.0,30.0
-2.0,1.0
0.0,-2.0
1.0,-2.0
2.0,-2.0
0.0,-1.0
0.0,-1.0
-6.0,-2.0
-2.0,0.0
0.0,1.0
2.0,30.0
14.0,26.0
19.0,30.0
0.0,-1.0
-1.0,1.0
0.0,0.0
-23.0,23.0
3.0,3.0
1.0,-1.0
-7.0,-2.0
0.0,1.0
-5.0,-1.0
1.0,0.0
0.0,-2.0
-3.0,0.0
0.0,0.0
-2.0,1.0
-13.0,3.0
1.0,0.0
0.0,30.0
-5.0,0.0
-8.0,1.0
-12.0,0.0
-23.0,13.0
-3.0,0.0
0.0,-1.0
5.0,0.0
0.0,0.0
-4.0,-2.0
-2.0,0.0
-1.0,-30.0
-5.0,0.0
0.0,-30.0
-1.0,0.0
-2.0,0.0
-2.0,2.0
-6.0,0.0
0.0,0.0
-2.0,0.0
-3.0,-1.0
0.0,2.0
4.0,-1.0
27.0,30.0
5.0,2.0
-8.0,-28.0
-3.0,-1.0
-1.0,-28.0
1.0,-30.0
-1.0,-2.0
4.0,0.0
4.0,-2.0
-1.0,0.0
3.0,1.0
1.0,-1.0
-3.0,-1.0
0.0,-5.0
0.0,1.0
1.0,2.0
2.0,1.0
3.0,-1.0
3.0,0.0
3.0,0.0
0.0,0.0
0.0,-2.0
5.0,-1.0
12.0,2.0
1.0,0.0
0.0,0.0
2.0,-1.0
4.0,-1.0
2.0,-2.0
1.0,0.0
1.0,1.0
-4.0,1.0
7.0,3.0
-1.0,2.0
-9.0,7.0
-3.0,-10.0
-5.0,-3.0
0.0,4.0
12.0,0.0
2.0,0.0
2.0,2.0
6.0,3.0
5.0,8.0
3.0,8.0
4.0,0.0
5.0,0.0
0.0,0.0
-3.0,-1.0
4.0,-1.0
-3.0,-1.0
-8.0,0.0
-4.0,-29.0
-1.0,-30.0
4.0,-30.0
5.0,0.0
4.0,0.0
3.0,-1.0
9.0,0.0
-3.0,0.0
2.0,0.0
-2.0,1.0
-2.0,0.0
-2.0,-1.0
1.0,2.0
-5.0,-1.0
-3.0,-13.0
0.0,1.0
1.0,0.0
4.0,-29.0
5.0,-4.0
-3.0,-1.0
-1.0,1.0
9.0,1.0
5.0,0.0
-1.0,-1.0
14.0,1.0
0.0,3.0
-6.0,-1.0
-2.0,0.0
3.0,1.0
9.0,-1.0
1.0,1.0
0.0,0.0
1.0,0.0
4.0,-1.0
2.0,-2.0
4.0,-1.0
3.0,-3.0
12.0,-1.0
2.0,-2.0
8.0,-2.0
-24.0,3.0
0.0,1.0
5.0,1.0
1.0,1.0
4.0,0.0
-2.0,-30.0
1.0,-3.0
1.0,-1.0
0.0,-2.0
2.0,-2.0
1.0,-1.0
2.0,-1.0
6.0,-1.0
-2.0,0.0
16.0,0.0
1.0,2.0
6.0,-1.0
2.0,-27.0
1.0,1.0
10.0,0.0
2.0,0.0
12.0,-1.0
3.0,2.0
3.0,0.0
-30.0,30.0
-2.0,-2.0
-1.0,-2.0
-2.0,-1.0
3.0,-1.0
11.0,-6.0
21.0,-8.0
5.0,0.0
19.0,-6.0
-1.0,1.0
8.0,2.0
5.0,0.0
2.0,1.0
11.0,14.0
1.0,2.0
0.0,0.0
16.0,10.0
-1.0,0.0
3.0,-1.0
2.0,-1.0
1.0,-2.0
-3.0,1.0
3.0,0.0
-3.0,-1.0
-2.0,0.0
1.0,0.0
-2.0,-1.0
2.0,1.0
2.0,1.0
1.0,0.0
2.0,0.0
4.0,1.0
1.0,1.0
0.0,0.0
0.0,0.0
0.0,0.0
7.0,1.0
6.0,1.0
4.0,1.0
0.0,1.0
3.0,-1.0
4.0,-1.0
0.0,2.0
9.0,-1.0
5.0,0.0
4.0,-2.0
2.0,-1.0
4.0,-29.0
7.0,1.0
1.0,-25.0
3.0,0.0
2.0,2.0
10.0,1.0
9.0,1.0
6.0,-27.0
4.0,1.0
1.0,2.0
3.0,3.0
7.0,0.0
-2.0,3.0
-1.0,1.0
2.0,1.0
-3.0,-30.0
2.0,3.0
-1.0,2.0
-3.0,1.0
-2.0,3.0
-1.0,0.0
-6.0,2.0
2.0,-1.0
2.0,-3.0
5.0,2.0
-2.0,0.0
-4.0,16.0
-4.0,0.0
-2.0,0.0
-4.0,1.0
0.0,-1.0
2.0,-2.0
-1.0,-1.0
2.0,1.0
0.0,0.0
7.0,0.0
2.0,2.0
2.0,1.0
30.0,24.0
-1.0,1.0
-1.0,-1.0
3.0,0.0
1.0,0.0
30.0,22.0
0.0,-1.0
1.0,1.0
-1.0,-2.0
2.0,-1.0
0.0,-2.0
6.0,-3.0
2.0,1.0
3.0,-2.0
7.0,0.0
8.0,-1.0
1.0,1.0
5.0,-2.0
-3.0,0.0
-4.0,-1.0
-2.0,3.0
22.0,2.0
-11.0,10.0
-4.0,1.0
2.0,1.0
-3.0,0.0
0.0,-3.0
4.0,-1.0
-1.0,0.0
0.0,-1.0
-3.0,-2.0
-1.0,-3.0
0.0,0.0
0.0,0.0
4.0,-2.0
-5.0,0.0
4.0,-2.0
-5.0,0.0
-1.0,0.0
4.0,8.0
12.0,2.0
2.0,-3.0
12.0,1.0
0.0,0.0
0.0,-1.0
3.0,1.0
-2.0,-1.0
0.0,-1.0
-1.0,0.0
-3.0,2.0
-2.0,1.0
-7.0,8.0
-4.0,2.0
-2.0,-1.0
1.0,1.0
25.0,20.0
27.0,22.0
1.0,0.0
24.0,8.0
-30.0,29.0
30.0,30.0
21.0,23.0
0.0,2.0
0.0,3.0
0.0,2.0
-4.0,0.0
-2.0,2.0
2.0,-30.0
30.0,30.0
7.0,2.0
-2.0,2.0
1.0,2.0
12.0,1.0
4.0,1.0
2.0,1.0
8.0,2.0
0.0,1.0
0.0,1.0
-3.0,-2.0
0.0,1.0
5.0,1.0
1.0,0.0
3.0,0.0
-4.0,1.0
3.0,1.0
2.0,4.0
-3.0,1.0
3.0,-2.0
1.0,-1.0
7.0,-1.0
2.0,-3.0
5.0,1.0
3.0,2.0
0.0,1.0
10.0,0.0
0.0,3.0
-4.0,-2.0
-5.0,0.0
-13.0,-4.0
-7.0,-2.0
-2.0,23.0
2.0,-2.0
-2.0,1.0
-6.0,2.0
-4.0,2.0
-2.0,1.0
-2.0,-30.0
0.0,0.0
0.0,-1.0
2.0,-1.0
2.0,-2.0
9.0,1.0
-2.0,-2.0
9.0,-1.0
9.0,3.0
-2.0,0.0
-2.0,-2.0
2.0,-1.0
3.0,-1.0
-1.0,-2.0
-4.0,-2.0
-3.0,-1.0
9.0,0.0
-6.0,-1.0
-3.0,-29.0
9.0,-2.0
3.0,0.0
-3.0,3.0
0.0,0.0
0.0,0.0
1.0,0.0
13.0,1.0
-4.0,1.0
1.0,1.0
-11.0,3.0
0.0,2.0
0.0,1.0
0.0,1.0
-1.0,1.0
4.0,0.0
-1.0,0.0
-2.0,1.0
2.0,-3.0
-1.0,-3.0
1.0,-5.0
-1.0,-4.0
0.0,-4.0
0.0,-1.0
1.0,-1.0
1.0,-1.0
0.0,-1.0
-1.0,0.0
1.0,-1.0
12.0,1.0
-4.0,0.0
0.0,-1.0
2.0,-2.0
-1.0,-1.0
1.0,-2.0
1.0,-2.0
0.0,-3.0
-6.0,1.0
-14.0,5.0
-6.0,2.0
-4.0,2.0
0.0,-5.0
6.0,-4.0
-4.0,-6.0
6.0,-4.0
-5.0,-5.0
4.0,0.0
-12.0,-1.0
1.0,-1.0
-10.0,0.0
1.0,0.0
4.0,1.0
-5.0,-2.0
-1.0,0.0
-1.0,0.0
8.0,-5.0
-2.0,-1.0
-7.0,-1.0
3.0,0.0
-1.0,0.0
3.0,-4.0
17.0,0.0
0.0,-2.0
6.0,-3.0
2.0,-3.0
0.0,-3.0
7.0,-3.0
4.0,0.0
1.0,-28.0
-3.0,2.0
-1.0,-29.0
-1.0,0.0
9.0,1.0
-2.0,0.0
6.0,1.0
-1.0,-1.0
4.0,-2.0
0.0,-1.0
1.0,-2.0
2.0,-2.0
0.0,1.0
1.0,-1.0
0.0,0.0
0.0,-1.0
9.0,3.0
1.0,1.0
0.0,-2.0
8.0,0.0
-1.0,-1.0
0.0,0.0
1.0,0.0
0.0,1.0
6.0,-2.0
-2.0,3.0
0.0,0.0
5.0,5.0
9.0,3.0
12.0,-1.0
-2.0,1.0
-1.0,0.0
1.0,1.0
3.0,-2.0
3.0,0.0
2.0,-2.0
-1.0,0.0
5.0,0.0
0.0,2.0
16.0,2.0
13.0,1.0
12.0,2.0
-3.0,0.0
1.0,-1.0
2.0,-1.0
1.0,0.0
-1.0,-1.0
-2.0,-2.0
3.0,-1.0
0.0,-1.0
0.0,0.0
5.0,1.0
0.0,1.0
5.0,-1.0
6.0,0.0
9.0,0.0
1.0,1.0
2.0,-2.0
3.0,-1.0
-1.0,2.0
3.0,1.0
0.0,-1.0
0.0,-3.0
0.0,-2.0
0.0,-4.0
0.0,-2.0
5.0,-1.0
1.0,-1.0
9.0,1.0
2.0,0.0
-2.0,0.0
-1.0,0.0
-2.0,1.0
3.0,1.0
3.0,7.0
-5.0,2.0
30.0,30.0
2.0,1.0
1.0,3.0
9.0,0.0
-5.0,0.0
0.0,2.0
1.0,-30.0
1.0,-28.0
0.0,1.0
0.0,2.0
1.0,1.0
3.0,0.0
2.0,-2.0
-1.0,-1.0
-3.0,0.0
2.0,-1.0
-4.0,-1.0
1.0,-1.0
0.0,1.0
10.0,25.0
30.0,22.0
29.0,16.0
-3.0,1.0
7.0,2.0
6.0,2.0
-5.0,0.0
-9.0,-1.0
-6.0,-1.0
-2.0,0.0
7.0,2.0
-2.0,-2.0
-3.0,-7.0
-1.0,-3.0
2.0,0.0
2.0,-2.0
-4.0,-1.0
-2.0,0.0
4.0,0.0
15.0,9.0
0.0,-1.0
2.0,0.0
0.0,1.0
-1.0,0.0
-2.0,-1.0
-1.0,0.0
4.0,2.0
2.0,1.0
3.0,3.0
1.0,0.0
8.0,1.0
-2.0,-30.0
-2.0,0.0
10.0,1.0
11.0,-2.0
-6.0,2.0
6.0,-2.0
-2.0,-30.0
30.0,30.0
3.0,2.0
-1.0,-1.0
11.0,13.0
4.0,2.0
10.0,-17.0
12.0,3.0
-4.0,-1.0
1.0,2.0
16.0,7.0
-3.0,16.0
0.0,1.0
12.0,-1.0
10.0,0.0
8.0,0.0
7.0,6.0
2.0,-2.0
7.0,0.0
-3.0,1.0
2.0,0.0
-2.0,0.0
-1.0,-2.0
-2.0,-1.0
10.0,-2.0
7.0,0.0
8.0,-1.0
4.0,1.0
2.0,3.0
4.0,1.0
30.0,30.0
7.0,0.0
2.0,2.0
0.0,3.0
9.0,-1.0
3.0,0.0
-1.0,-26.0
2.0,0.0
0.0,-26.0
6.0,-1.0
1.0,-30.0
1.0,2.0
-1.0,-1.0
0.0,-1.0
-2.0,0.0
-1.0,2.0
-1.0,1.0
-1.0,-1.0
2.0,-2.0
1.0,-30.0
2.0,-23.0
-30.0,28.0
3.0,29.0
0.0,2.0
1.0,1.0
14.0,0.0
4.0,1.0
3.0,2.0
3.0,12.0
5.0,2.0
11.0,15.0
-3.0,-30.0
3.0,1.0
-2.0,1.0
1.0,2.0
5.0,0.0
-1.0,2.0
1.0,-30.0
1.0,-30.0
0.0,2.0
3.0,0.0
4.0,-1.0
-1.0,-1.0
-2.0,2.0
9.0,30.0
1.0,0.0
7.0,0.0
1.0,3.0
4.0,-28.0
-8.0,5.0
3.0,1.0
0.0,4.0
0.0,4.0
2.0,2.0
3.0,-1.0
6.0,2.0
1.0,1.0
0.0,-2.0
1.0,-1.0
-2.0,29.0
-5.0,26.0
0.0,-30.0
5.0,-1.0
-3.0,1.0
2.0,0.0
1.0,0.0
1.0,0.0
0.0,0.0
4.0,-1.0
1.0,-30.0
7.0,-2.0
-1.0,-30.0
6.0,0.0
2.0,3.0
2.0,26.0
4.0,4.0
5.0,2.0
7.0,1.0
3.0,0.0
-2.0,0.0
11.0,0.0
7.0,3.0
6.0,0.0
1.0,2.0
30.0,30.0
0.0,-2.0
0.0,-2.0
5.0,-2.0
-1.0,-2.0
2.0,0.0
6.0,-2.0
-14.0,26.0
4.0,29.0
-1.0,-1.0
-1.0,0.0
1.0,-29.0
-3.0,-1.0
-1.0,-30.0
0.0,4.0
-2.0,4.0
0.0,-1.0
0.0,0.0
1.0,1.0
-2.0,0.0
4.0,0.0
2.0,0.0
3.0,-1.0
13.0,3.0
11.0,0.0
5.0,1.0
17.0,-3.0
9.0,1.0
-1.0,-27.0
8.0,-30.0
11.0,0.0
3.0,-30.0
-20.0,23.0
1.0,0.0
4.0,0.0
6.0,-1.0
-2.0,-30.0
-8.0,0.0
7.0,-1.0
3.0,-1.0
0.0,-30.0
5.0,0.0
1.0,1.0
5.0,0.0
1.0,1.0
0.0,0.0
5.0,1.0
3.0,0.0
2.0,0.0
5.0,0.0
16.0,-1.0
-1.0,0.0
0.0,27.0
