-0.15331894,0.06816308,0.114707865,1.7867845E-10,0.27283365,-0.009394181,-0.17322579,0.05771296,0.074903846,0.0602323,-0.057066295,0.11142929,-0.03511849,-0.09272234,0.003924332,0.077984884,-0.3047607,0.1151448,0.041053668,-0.033102594,-0.020919733,-0.057518594,-0.11707411,0.16248913,0.11646639,-0.15511721,0.14721361,-0.21969712,0.17276894,0.19140849,-0.00847916,0.16260186,0.10809318,-0.018360572,-1.8618336E-4,0.08854146,-0.047578383,-0.16891173,-0.06321719,-0.06463512,0.06772799,-0.17685884,0.15200545
-0.06816308,-0.15331894,-1.7863441E-10,0.114707865,0.03085628,0.13370867,0.0018118815,0.10166677,0.08130085,0.023296239,-0.0033031586,0.0037793254,0.14643848,0.008865208,-0.04603188,0.028983539,0.012355556,-0.0047166618,0.04398059,-0.056557115,-0.07344281,-0.025952969,-0.04721769,-0.12245686,-0.00855376,-0.044919454,0.02361855,-0.04106432,0.02351358,0.0634919,0.011877027,-0.13171354,-0.19521171,0.3965492,0.14482054,-0.10107573,-0.3751769,0.052953612,0.10528758,0.23472714,0.19125193,-0.17256004,-0.1245912
-0.15462697,0.017851105,0.114707865,3.418229E-11,0.26788118,-0.05533992,-0.13398287,0.070678756,0.080118045,0.014010377,-0.07446289,0.17808835,-0.0205928,-0.044555254,0.0018290639,0.098236375,-0.11541876,0.083185844,0.08852676,-0.018273626,0.024170361,0.04985303,-0.08574511,0.09338928,0.0078016315,-0.01105758,0.10291878,-0.0871273,0.079087056,0.0040727584,0.016843284,-0.044802357,0.12709755,0.076687306,-0.0951849,-0.058298495,-0.026083995,-0.023002712,0.012800094,-0.006170071,0.053745687,0.25013682,-0.08003378
-0.017851105,-0.15462697,-3.4170753E-11,0.114707865,0.015359812,0.0775771,-0.013628314,0.07043112,0.08785714,0.03404809,0.06501519,0.075901,0.15768678,0.064534575,-0.14246336,0.12112398,0.056392804,-0.11027033,-0.2431521,0.029595895,0.1352802,0.18749334,-0.13660252,-0.13689253,-0.075520694,-0.12966341,0.07034593,-0.10759687,-0.30492502,0.07257295,0.042593118,-0.19071615,0.10304571,0.12707049,0.033473585,-0.06706348,-0.07468886,0.013740821,0.076020315,-0.05863149,0.23452482,-0.031441785,0.10056
-0.14977261,-0.028739085,0.114707865,-9.8956655E-11,0.27315348,-0.11091065,-0.120906636,0.08959491,0.08659039,-0.025417281,-0.07044009,0.19255413,-0.028675176,-0.044398893,-0.051183786,0.0601091,-0.09832841,-0.0032540937,0.03726193,-0.031231664,0.048684392,0.09280891,-0.08833435,0.043527834,0.0010626857,0.09121977,-0.0350966,-0.04734017,-0.025130754,-0.086744465,-0.0033434469,-0.14307472,0.11729697,0.008862534,-0.059631158,-0.072323166,0.06999359,0.10430218,-0.011301954,0.032819092,-3.8575413E-4,0.11800946,-0.18418775
0.028739085,-0.14977261,9.893809E-11,0.114707865,0.0031793064,-0.0016327675,-0.032076307,0.036671128,0.043041367,0.023355916,0.1849239,0.03516884,0.16447008,0.002381224,-0.13581786,0.11294746,0.020186856,-0.16549428,-0.3334813,0.07462301,0.2020892,0.23677787,-0.20971061,-0.006578475,-0.06623552,-0.012311156,0.041244566,-0.13370526,-0.26194984,0.0814982,-0.04862819,0.057095528,0.08488681,-0.20987701,-0.113219306,0.09925837,0.16036868,-0.07021876,-0.04527888,-0.043323312,-0.10892458,-0.0047302307,-0.026090963
-0.13922423,-0.07772564,0.114707865,-2.383438E-10,0.28005666,-0.21658511,-0.064069495,0.1341561,0.041123603,-0.09373273,0.0031090782,0.13727471,-0.015110276,-0.015901105,-0.085155986,-0.052335147,0.04301805,-0.027493685,0.04280905,-0.0188628,-0.003087803,0.10840205,-0.10106614,0.019434826,0.0099407835,0.25345924,-0.1459576,0.12009647,0.0029906963,-0.13170584,-0.023523247,-0.04141044,-0.07250731,0.0011720682,0.1095716,0.055550613,0.058326963,0.1902792,-0.0148114655,0.107436314,-0.23093039,-0.16668843,0.12152721
0.07772564,-0.13922423,2.3829355E-10,0.114707865,0.02303442,-0.082716346,-0.053674947,0.013886156,0.026797054,-0.070783146,0.36193243,-0.03150791,0.09060917,0.029505685,-0.05857147,0.036008757,0.07183122,-0.02744462,-0.09310904,0.014907735,0.023114529,0.035246633,-0.21881948,0.054875616,0.041123323,0.1628574,0.030709319,0.11023419,0.22352792,0.07143013,-0.08546876,0.35655454,-0.2806262,-0.07614947,0.0021608695,0.12947974,-0.14228335,-0.11122142,-0.030871516,0.15408708,-0.13823679,0.0782084,0.06525802
-0.11890349,-0.12320523,0.114707865,-3.6659234E-10,0.21084328,-0.24913673,-0.039589047,0.1364579,-0.012039771,-0.09246819,0.095891975,0.09099233,-0.081927314,-0.03136245,-0.080394715,-0.17889234,0.18141137,-0.039097987,-0.041405607,-0.024636375,-0.049047846,-0.06468596,0.08103961,-0.07013943,0.0044349884,-0.01855795,-0.08300207,0.30611005,-0.08395577,-0.04433254,0.052488703,0.08608493,-0.006034798,0.0093214065,0.12925015,0.007313534,-0.12130818,0.15467069,0.0051077893,-0.22874653,0.05424903,-0.08638996,0.009856846
0.12320523,-0.11890349,3.6651274E-10,0.114707865,-0.04448202,0.09189312,-0.13013458,-0.05668801,0.07474476,-0.04965114,0.29598546,0.109879196,0.03922777,0.04821307,-0.037427098,0.018012263,0.14929356,-0.049066216,-0.092440575,0.038950957,-0.03876042,-0.24287541,0.095643125,0.21197654,-0.05177645,0.13682124,0.12760863,0.11016467,0.227478,0.020006502,0.1196261,0.05960503,0.24837217,0.10901317,0.07335875,-0.03782705,-0.13034543,-0.011739877,-0.025968127,-0.18565655,0.21567848,0.08052108,-0.1867212
-0.08742074,-0.15538687,0.114707865,-4.5545756E-10,0.10538604,-0.18040222,-0.021281637,0.092702955,-0.021649767,-0.057647146,0.14186816,0.03426206,-0.14161648,-0.07485701,-0.043217015,-0.15932536,0.207575,-0.014707868,-0.0927194,0.02313522,-0.10112971,-0.24788043,0.2811325,-0.041992117,0.124770105,-0.2989277,0.046881508,0.09422891,-0.1859992,0.081723705,-0.032458358,0.002032923,0.050985374,-0.13957255,-0.11319039,-0.08692885,0.05181031,-0.13219038,0.066182636,0.07229598,0.072985396,0.089402065,-0.024622101
0.15538687,-0.08742074,4.5535714E-10,0.114707865,-0.04865716,0.1451126,-0.1843609,-0.07652314,0.043365885,0.004078402,0.16997853,0.17524187,0.05770137,-0.027426584,0.010721118,-0.07256721,0.075047575,-0.012438507,-0.027413867,0.034472298,-0.081584066,-0.16389282,0.12801126,0.16912389,0.0045266943,0.12470585,0.0255576,-0.21778226,0.19027382,-0.053708795,0.09601713,-0.20790568,0.31381974,0.051604573,0.05200441,0.018207144,0.14420496,0.046138857,-0.025931833,0.09532742,-0.17828849,-0.08855267,0.20240821
-0.04708405,-0.1791405,0.114707865,-5.1916615E-10,-0.005017099,-0.061621245,-0.018406374,0.025594562,-0.012353816,-0.00866519,0.07517553,-0.030645005,-0.13527691,-0.07088745,-0.005841484,-0.059080977,0.030335167,-0.03207768,-0.10232566,0.050298914,-0.06448818,-0.17396481,0.22883052,0.03520849,0.021050796,-0.102678955,0.038838666,-0.22556506,-0.14023943,0.12136896,-0.04795424,-0.082243346,-0.1316143,0.025297662,-0.1362672,-0.017402545,0.15617502,-0.022675583,-0.07465577,0.2885048,-0.078066304,-0.034052882,0.035076905
0.1791405,-0.04708405,5.190504E-10,0.114707865,-0.025814064,0.09965052,-0.20012808,-0.051334046,-0.06375718,0.059304256,0.07513896,0.19278523,0.034604095,-0.12180514,0.054224562,-0.23008402,-0.006393796,0.028970867,0.06376381,-0.020636499,-0.03796249,0.11547872,0.02440787,-0.11326412,-0.002741808,-0.10115173,-0.10516215,-0.13623331,0.071438104,0.008360426,-0.04110037,0.012431679,0.038482077,0.036984917,-0.04551716,0.05010314,0.015878169,0.07979581,-0.021645892,0.05900948,-0.05371631,-0.012800378,-0.00833661
-1.1487045E-10,-0.18780914,0.114707865,-5.388506E-10,-0.053036604,1.7660128E-8,1.0691032E-8,-6.7298895E-9,-2.3906583E-9,2.814442E-8,-0.008318375,-7.0848564E-8,-0.11622585,6.5283444E-8,5.897718E-8,5.5414684E-8,6.8894025E-8,-7.3794574E-8,-9.497449E-9,2.130907E-6,-0.06515338,-1.0846208E-7,0.12519929,6.858637E-8,0.057306424,-3.2965918E-8,-5.577369E-7,-0.43683428,-0.025401464,4.4913887E-7,-1.5279162E-6,5.755796E-6,-0.30389446,0.022792436,1.7410028E-7,-2.9613066E-6,-1.0022093E-5,0.19646983,-0.095725626,4.513332E-7,-0.020562662,-9.2704136E-7,1.460013E-5
0.18780914,-1.16585E-10,5.3872923E-10,0.114707865,4.5288133E-9,0.07774952,-0.20165618,-0.03386104,-0.09592483,0.08196712,-4.1465288E-8,0.19560696,-1.6549413E-7,-0.1208244,0.06660331,-0.2821773,-0.020921513,0.016638372,0.10756064,0.00445694,4.4685981E-7,0.24268378,1.920559E-7,-0.21709508,6.7080134E-7,-0.16418204,-0.104020014,1.3503336E-7,-1.9459004E-7,-0.0013517388,-0.017829606,0.18344042,4.079731E-6,-7.7197984E-7,-0.04169646,-0.0102628395,-0.068509765,-3.0815784E-6,3.4459512E-7,-0.122300856,3.2139496E-6,0.05032709,-0.11218552
0.04708405,-0.1791405,0.114707865,-5.0879184E-10,-0.0050170813,0.061621245,0.018406373,-0.02559458,0.012353842,0.008665269,0.07517546,0.030644976,-0.1352767,0.07088765,0.0058414494,0.059081055,-0.030335093,0.032077666,0.102325715,-0.050294627,-0.06449118,0.1739645,0.22883104,-0.03520764,0.021049807,0.102678515,-0.038838863,-0.22556616,-0.14023864,-0.121368654,0.047953174,0.08224866,-0.13160981,0.025297765,0.13626741,0.017402899,-0.15617394,-0.022688603,-0.07465432,-0.2885101,-0.07804908,0.03405337,-0.03506757
0.1791405,0.04708405,5.086761E-10,0.114707865,0.02581406,0.09965045,-0.2001282,-0.051334,-0.06375718,0.059304267,-0.075139135,0.19278553,-0.03460425,-0.1218052,0.05422464,-0.23008384,-0.006394171,0.028971054,0.063764036,-0.020639127,0.0379616,0.11547946,-0.024407819,-0.1132644,0.0027428037,-0.101150565,-0.10516212,0.13623355,-0.07143864,0.008359475,-0.04110032,0.012432127,-0.038481146,-0.03698424,-0.04551685,0.05010494,0.015885709,-0.07979287,0.021646231,0.059011605,0.053713,-0.012801297,-0.008332536
0.08742074,-0.15538687,0.114707865,-4.3619552E-10,0.105386004,0.18040189,0.02128167,-0.09270298,0.021649819,0.05764736,0.14186826,-0.034262218,-0.14161626,0.07485721,0.043217,0.15932502,-0.20757434,0.014707728,0.09271958,-0.023128266,-0.10113074,0.24787979,0.28113374,0.041992724,0.124766864,0.29892877,-0.04688164,0.09422782,-0.18599863,-0.08172409,0.032458372,-0.0020349163,0.050985944,-0.13957202,0.11319039,0.08693275,-0.05179722,-0.13219269,0.06618324,-0.07229335,0.07298929,-0.08940376,0.024609396
0.15538687,0.08742074,4.360951E-10,0.114707865,0.048657198,0.14511253,-0.1843609,-0.07652307,0.043365937,0.004078202,-0.16997862,0.17524183,-0.057701394,-0.027426818,0.010720917,-0.072567455,0.075047806,-0.012438476,-0.027413901,0.034466624,0.081585996,-0.16389251,-0.12801155,0.16912416,-0.004527585,0.12470753,0.025556881,0.2177821,-0.19027337,-0.053711366,0.09601379,-0.20789215,-0.31382895,-0.051604353,0.052005235,0.018207904,0.1442076,-0.046125736,0.025930563,0.09533919,0.17828256,-0.08855396,0.20243596
0.11890349,-0.12320523,0.114707865,-3.4039352E-10,0.21084319,0.24913685,0.039588965,-0.13645825,0.012039758,0.09246838,0.09589198,-0.09099206,-0.081927136,0.031362355,0.080394484,0.17889282,-0.18141195,0.03909844,0.04140536,0.024639478,-0.049046345,0.06468617,0.08103987,0.07013968,0.0044341553,0.018558327,0.08300368,0.3061102,-0.083956175,0.04433262,-0.052486613,-0.0860856,-0.0060379286,0.009321039,-0.12924944,-0.0073176767,0.12129165,0.15468086,0.005107314,0.22875212,0.054236397,0.0863903,-0.009847614
0.12320523,0.11890349,3.4031394E-10,0.114707865,0.044482056,0.09189311,-0.13013448,-0.056688044,0.07474467,-0.049651366,-0.2959862,0.1098788,-0.039227795,0.04821327,-0.037427146,0.018012334,0.14929362,-0.049066216,-0.09244066,0.03894825,0.038762454,-0.24287526,-0.09564417,0.21197659,0.051775973,0.13682291,0.127608,-0.1101651,-0.22747697,0.020005798,0.11962391,0.059614044,-0.24836956,-0.10901254,0.073358744,-0.037827905,-0.13034664,0.011726975,0.025969602,-0.18567082,-0.2156673,0.080522306,-0.186741
0.13922423,-0.07772564,0.114707865,-2.0766756E-10,0.28005683,0.21658485,0.064069405,-0.13415594,-0.04112349,0.09373255,0.0031089142,-0.13727447,-0.015110288,0.015900971,0.08515568,0.052335028,-0.043018285,0.027493581,-0.04280888,0.01886267,-0.0030868105,-0.1084016,-0.101067476,-0.019433906,0.009944921,-0.25345784,0.14595746,0.12009707,0.002989674,0.13170409,0.023521423,0.041414004,-0.07250723,0.0011723199,-0.10957334,-0.05555449,-0.058342025,0.19027264,-0.0148095265,-0.10745141,-0.23092449,0.16669074,-0.12154106
0.07772564,0.13922423,2.0761731E-10,0.114707865,-0.023034453,-0.0827164,-0.053674966,0.01388629,0.026797047,-0.07078344,-0.36193267,-0.031507943,-0.0906093,0.029505676,-0.058571387,0.036008954,0.07183129,-0.027444603,-0.093108684,0.014909179,-0.023114026,0.03524635,0.21881893,0.054876618,-0.04112503,0.16285615,0.030709961,-0.1102347,-0.2235279,0.071431726,-0.08546575,0.35654348,0.2806413,0.07614759,0.0021604833,0.12947795,-0.1422922,0.11121162,0.030872596,0.15409602,0.1382271,0.07820793,0.06525665
0.14977261,-0.028739085,0.114707865,-6.595621E-11,0.27315372,0.1109106,0.12090694,-0.089594945,-0.086590335,0.025417134,-0.07044018,-0.1925543,-0.028675254,0.044398908,0.05118404,-0.060108826,0.09832832,0.003254132,-0.037262004,0.031228535,0.048686333,-0.09280935,-0.08833547,-0.043529026,0.0010639124,-0.091219686,0.03509636,-0.047339592,-0.025130527,0.08674579,0.0033455687,0.14306882,0.11730213,0.008862271,0.059631933,0.07232064,-0.070002705,0.10429679,-0.011302516,-0.032819606,-3.832135E-4,-0.118009925,0.18418734
0.028739085,0.14977261,6.5937644E-11,0.114707865,-0.003179305,-0.0016327652,-0.032076254,0.036671147,0.043041315,0.0233558,-0.1849242,0.03516874,-0.16446985,0.0023813695,-0.13581792,0.11294729,0.020186605,-0.16549441,-0.33348146,0.074636534,-0.20208463,0.2367777,0.20971012,-0.006578382,0.066235855,-0.0123108225,0.04124449,0.13370511,0.2619494,0.08149744,-0.048629154,0.057101026,-0.08488454,0.20987572,-0.11321981,0.0992567,0.1603636,0.07023532,0.045277696,-0.04331669,0.10892872,-0.0047308435,-0.026098019
0.15462697,0.017851103,0.114707865,6.8252314E-11,0.2678811,0.0553398,0.13398288,-0.07067865,-0.080118105,-0.014010753,-0.07446282,-0.17808844,-0.020592842,0.044555217,-0.0018291159,-0.09823647,0.115419015,-0.08318614,-0.08852687,0.018271836,0.024171567,-0.049852718,-0.085745685,-0.093390204,0.0078016156,0.0110572195,-0.1029191,-0.087126516,0.07908732,-0.004072348,-0.016842518,0.04479785,0.12710126,0.07668739,0.09518532,0.05829849,0.026086228,-0.022997595,0.012799264,0.006173979,0.053743247,-0.25013843,0.08003945
-0.017851103,0.15462697,-6.824078E-11,0.114707865,-0.0153598,0.077577114,-0.0136283105,0.07043108,0.08785721,0.03404811,-0.06501534,0.075900935,-0.15768696,0.064534746,-0.14246331,0.121123865,0.0563928,-0.11027063,-0.24315159,0.029605092,-0.13527875,0.18749358,0.13660276,-0.13689253,0.07552257,-0.12966287,0.07034575,0.10759744,0.30492496,0.072572,0.042591173,-0.19071266,-0.10305464,-0.12706877,0.033473134,-0.06706293,-0.074687704,-0.013749498,-0.076019034,-0.058646113,-0.23452197,-0.03143949,0.10056718
0.15331894,0.06816308,0.114707865,2.1246027E-10,0.27283376,0.009394101,0.17322546,-0.05771294,-0.07490382,-0.06023245,-0.057066176,-0.11142924,-0.035118222,0.092722334,-0.003924013,-0.07798462,0.30476004,-0.115144305,-0.04105317,0.033103973,-0.020917771,0.057518747,-0.11707251,-0.16248928,0.11646335,0.15511765,-0.1472143,-0.21969798,0.17276888,-0.19140698,0.0084799435,-0.16260684,0.10808742,-0.018360091,1.858135E-4,-0.08853681,0.04759315,-0.16890948,-0.06321706,0.06463999,0.067724764,0.1768596,-0.15199013
-0.06816308,0.15331894,-2.1241624E-10,0.114707865,-0.030856222,0.13370875,0.001811892,0.101666756,0.08130079,0.023296343,0.003302894,0.0037792965,-0.14643846,0.008865217,-0.046031788,0.02898395,0.012355424,-0.0047163293,0.043980572,-0.05656212,0.073439114,-0.025952887,0.047218308,-0.12245739,0.008554957,-0.044920165,0.023619197,0.041065384,-0.023514017,0.06349364,0.011878759,-0.13172421,0.19520682,-0.39654607,0.14482197,-0.10107471,-0.37517413,-0.052990124,-0.10528541,0.23471552,-0.19126897,-0.17255773,-0.12457603
0.12224081,0.098534755,0.114707865,2.9617703E-10,0.04782374,-0.007812549,0.14112999,0.08304525,0.03404856,-0.14605123,0.032553677,0.04320018,0.04425124,-0.14042614,0.13396274,-0.016545754,-0.03305412,-0.21899125,-0.009386618,-0.21658467,-0.16203092,0.046447538,-9.91964E-4,0.08289297,-0.14138524,-0.0011892581,0.055194404,0.006125003,-0.053865917,-0.041119095,-0.020718062,-0.02335186,-0.04099849,0.06540134,-0.032222066,-0.004433462,0.037776887,-0.21318267,0.20806825,0.021242544,-0.047218822,-0.00804,-0.10576727
-0.098534755,0.12224081,-2.9611336E-10,0.114707865,-2.5324547E-4,0.11885618,0.009259208,-0.032113384,-0.07089709,-0.18650055,0.12834932,0.043938164,-0.17906117,-0.1278616,0.04581553,0.15984204,-0.036389947,0.16538215,-0.14856257,-0.2372676,-0.03890313,-0.12979925,-0.0390255,-0.23228101,-0.13791925,-0.0040280526,-0.016819488,-0.07595521,-0.03951001,-0.010542375,0.07636328,0.12513791,0.013165311,0.07457704,0.11453909,-0.01950483,0.11579274,0.0107267,0.25396377,-0.0787309,-0.1262476,0.023743194,0.022820031
0.094794855,0.1216604,0.114707865,3.5950398E-10,0.0032810778,0.011537474,0.10868988,0.11091108,0.06834436,-0.1401613,0.048759036,0.052433424,0.0763454,-0.16626595,0.16680536,0.05469543,-0.0042527304,-0.035791636,-0.021564905,-0.079239495,-0.22822273,0.017374212,-0.023192875,0.010167667,-0.16371305,-0.024504576,0.039593335,-0.040261976,-0.07113067,-0.03208147,-0.004524993,0.012074488,-0.009664052,-0.02203089,0.04241567,-0.009072267,-0.00386771,-0.11307003,0.08646199,-0.032065406,-0.05701253,-0.0027097394,0.0935649
-0.1216604,0.094794855,-3.594254E-10,0.114707865,-0.0015499872,0.06760524,0.045381345,-0.09252087,-0.09002145,-0.13272448,0.10494219,0.08954663,-0.14010516,0.03987814,0.0076233977,0.104616106,0.008550284,0.07333415,0.003797665,0.14438365,0.015913624,-0.028829355,-0.088531174,-0.095044434,-0.01519301,0.033324044,-0.15995182,-0.074090354,7.92766E-4,0.052562285,0.10296077,0.036614228,-0.044798996,0.037491925,-0.007315095,0.0062218076,0.045975253,0.09485026,0.025862103,0.04799134,0.03792025,0.042789403,0.070365496
0.0617302,0.12143727,0.114707865,3.5522113E-10,-0.03351758,0.0085530775,0.078955844,0.108901985,0.085116714,-0.08941667,0.055278357,0.07107438,0.08291698,-0.08538115,0.16100004,0.08979759,0.047181524,0.06775532,0.001706929,0.20547973,-0.17866267,0.018305043,-0.040686533,0.015617483,-0.09915818,-0.021402862,-0.052161306,0.004945614,-0.06516679,0.03065823,0.011930996,0.0043733697,0.018802786,-0.08850129,-0.020584205,0.0120405955,-0.02404808,0.1210851,-0.18187414,0.04297975,0.07542966,0.0046299235,0.008800546
-0.12143727,0.0617302,-3.5514264E-10,0.114707865,-0.0080705015,0.020369068,0.08453013,-0.11274955,-0.13392359,-0.13531484,0.081970386,0.06544455,-0.09617158,0.089619875,-0.02301825,-0.024396548,-0.023162324,-0.0786972,0.08468607,0.17636435,0.05307271,0.05100144,-0.056897234,0.08177435,0.021678822,-0.04067087,-0.083074294,-0.033049554,0.01647644,0.058482125,0.041993607,0.012207498,-0.04212761,0.037225563,-0.021205444,-0.034813788,-0.049635228,0.08862328,0.034078367,0.022870291,0.055148035,-0.008305885,0.07515598
0.031158509,0.10298047,0.114707865,2.98898E-10,-0.055884708,0.004282952,0.052310348,0.08411628,0.069886364,-0.0067105135,0.039455578,0.036412086,0.09708385,-0.015884943,0.08971728,0.07053169,0.03256111,0.12402539,0.022212466,0.3408335,-0.07974842,0.008249849,-0.019318432,0.01030429,-6.161421E-4,-0.04544073,-0.137216,0.013001518,-0.048205033,0.011322961,0.0796748,0.027725158,0.019914268,-0.037630577,-0.012803148,-0.050205126,-0.005341018,0.15515777,-0.23429728,-0.04701416,0.055669438,-0.017332597,-0.095203005
-0.10298047,0.031158509,-2.9883143E-10,0.114707865,-0.010529061,0.008060513,0.10717081,-0.11775829,-0.14872083,-0.11858128,0.069561176,0.037544414,-0.07539191,0.057387594,-0.05137596,-0.09944607,-0.0754084,-0.21036527,0.086144246,0.0031919035,0.058731146,0.0735491,-0.024941923,0.18578498,-0.005661929,-0.12851371,0.08546501,0.009830105,-0.0015279332,0.019098626,-6.7206094E-4,0.025913902,-0.022270828,0.048108455,0.030524887,-0.0796129,-0.029455693,0.007361947,0.12407367,-0.09403457,0.008126739,-0.035367608,-0.006018961
0.06335741,0.103502,0.114707865,3.0394162E-10,-0.029748961,-2.613104E-4,0.0847384,0.10060459,0.06999707,-0.07510034,0.049392357,0.0462713,0.09578942,-0.085224785,0.13180329,0.04802651,0.0056035924,0.009960693,0.0043156003,0.19685802,-0.16368955,0.03475558,-0.035502553,0.066469476,-0.06931444,-0.05060474,-0.04043289,0.021985082,-0.046814125,0.033306956,0.0093579,0.020205477,-0.014104998,-0.042081904,0.0042402647,-0.020581715,-0.048305385,0.100737326,-0.15596442,0.007494898,0.08212037,-0.026396345,0.0033182704
-0.103502,0.06335741,-3.0387476E-10,0.114707865,-0.010996531,0.027414711,0.078817554,-0.11664327,-0.15023018,-0.15241319,0.08523435,0.04402678,-0.11228598,-0.011595347,-0.0074658575,-0.07211395,-0.03573216,-0.027372608,0.021118356,0.006735003,0.061618853,0.046325255,-0.04122526,0.10931017,6.9273537E-4,-0.006746616,0.0643606,-0.04144717,2.3283302E-4,-0.020293776,-0.09420254,-0.07416841,-0.0051248423,0.031694103,-0.06907938,0.05767305,-0.08158256,0.07376897,0.05349996,0.025473956,0.0374362,-0.056184866,-0.06445417
0.09317478,0.104250506,0.114707865,3.0937414E-10,0.0013941992,-0.0039019485,0.11619513,0.09356654,0.05100057,-0.12001065,0.055994842,0.039669126,0.08867915,-0.14242993,0.14140356,0.011772323,-0.033330403,-0.102702245,0.0037948994,-0.034477033,-0.19429342,0.030236958,-0.025790742,0.061454855,-0.13003606,-0.02079688,0.033338547,-0.019745443,-0.04648777,-0.009521403,-0.028572127,-0.017126638,-0.022806067,-0.0021140315,0.01680107,-0.026485814,-0.03924295,-0.07282747,0.060528927,-0.010204874,-0.015124955,-0.029104276,0.05523163
-0.104250506,0.09317478,-3.0930677E-10,0.114707865,-0.0074341106,0.059396043,0.04572301,-0.10773508,-0.13183947,-0.17282414,0.10325629,0.071441494,-0.14454363,-0.06329312,0.022536539,0.02923848,0.013833137,0.14776751,-0.07108075,-0.019466734,0.03899845,-0.025636112,-0.058382683,-0.053041812,-0.061380796,0.0613273,0.015900647,-0.04820124,-0.02337634,-0.07270976,-0.08063742,-0.06695106,0.0056407196,0.054147728,-0.0560582,0.09542655,0.02757596,0.08445832,0.054486785,0.061926357,0.008094165,0.025130238,-0.09120406
-0.12224081,0.098534755,0.114707865,2.6924282E-10,0.047823764,0.007812533,-0.14112997,-0.08304524,-0.034048546,0.1460511,0.03255353,-0.0432002,0.04425141,0.14042638,-0.13396282,0.016545627,0.033054244,0.21899137,0.009387069,0.21659471,-0.1620165,-0.04644766,-9.917879E-4,-0.08289317,-0.1413861,0.0011874583,-0.05519413,0.0061251535,-0.053865977,0.041118897,0.020717725,0.02335448,-0.040998455,0.065401345,0.032222286,0.0044373665,-0.037755996,-0.21318635,0.20806876,-0.021245243,-0.047216877,0.008038319,0.10577617
-0.098534755,-0.12224081,-2.6917915E-10,0.114707865,2.5327146E-4,0.118856244,0.009259207,-0.032113418,-0.07089715,-0.18650061,-0.12834916,0.04393826,0.17906098,-0.12786195,0.045815863,0.15984227,-0.03639032,0.16538253,-0.14856248,-0.23726939,0.038887516,-0.12979911,0.03902625,-0.23228158,0.1379186,-0.0040265885,-0.016819164,0.07595498,0.03951001,-0.0105418265,0.076363645,0.12513638,-0.013162033,-0.07457822,0.11453957,-0.01950366,0.115790606,-0.010716864,-0.25396496,-0.07872306,0.12625323,0.023742545,0.022827307
-0.094794855,0.1216604,0.114707865,3.3861722E-10,0.0032810753,-0.011537474,-0.10868993,-0.11091122,-0.06834442,0.14016157,0.048758898,-0.052433413,0.07634564,0.16626596,-0.16680552,-0.05469543,0.004252462,0.035791658,0.021565408,0.07925468,-0.22821747,-0.017374143,-0.023192823,-0.010167693,-0.16371359,0.024502967,-0.039593015,-0.04026196,-0.07113058,0.032081544,0.004524869,-0.012073878,-0.009664588,-0.022031011,-0.042415276,0.009074289,0.0038785634,-0.11306967,0.08646176,0.03206197,-0.057014756,0.0027094923,-0.09355758
-0.1216604,-0.094794855,-3.385386E-10,0.114707865,0.0015500011,0.06760525,0.04538137,-0.0925208,-0.09002139,-0.13272452,-0.104942,0.08954676,0.14010523,0.039878115,0.007623464,0.104616046,0.00855016,0.07333419,0.0037975577,0.14438471,-0.01590421,-0.028829245,0.08853148,-0.09504442,0.015191796,0.033323843,-0.15995201,0.07409077,-7.928307E-4,0.052561924,0.10296075,0.036612686,0.04479861,-0.037492316,-0.0073144594,0.006224031,0.04598321,-0.09484581,-0.025862426,0.04798912,-0.037922982,0.042789467,0.07037261
-0.0617302,0.12143727,0.114707865,3.416197E-10,-0.033517603,-0.008553066,-0.07895589,-0.10890198,-0.08511656,0.08941672,0.055278078,-0.07107431,0.08291726,0.085381165,-0.16099992,-0.08979755,-0.0471818,-0.0677553,-0.0017064362,-0.2054686,-0.17867598,-0.01830481,-0.040686414,-0.0156175075,-0.09915827,0.021402175,0.05216174,0.004945527,-0.065166846,-0.030657917,-0.01193041,-0.0043754904,0.01880261,-0.08850159,0.02058452,-0.012042709,0.024035657,0.12108736,-0.18187469,-0.04297571,0.07543205,-0.0046293545,-0.008807377
-0.12143727,-0.0617302,-3.415412E-10,0.114707865,0.008070512,0.020369094,0.08453005,-0.112749524,-0.13392346,-0.13531499,-0.081970274,0.06544449,0.09617165,0.08962002,-0.02301818,-0.024396576,-0.023162516,-0.0786971,0.08468611,0.17636815,-0.053061265,0.051001318,0.056897134,0.08177466,-0.021678574,-0.04067111,-0.08307415,0.03305013,-0.016476873,0.058482334,0.041994024,0.012205705,0.042127103,-0.0372256,-0.021205364,-0.034811426,-0.049627397,-0.088628374,-0.034078535,0.022866411,-0.055149738,-0.008305052,0.0751593
-0.031158509,0.10298047,0.114707865,2.9203262E-10,-0.055884786,-0.004282918,-0.052310348,-0.084116414,-0.06988652,0.0067105233,0.039455485,-0.036412105,0.09708417,0.015884843,-0.089717254,-0.07053165,-0.03256128,-0.12402526,-0.022212539,-0.3408278,-0.079770565,-0.008249976,-0.01931764,-0.01030449,-6.159967E-4,0.04544054,0.13721637,0.013001198,-0.0482048,-0.011322282,-0.0796743,-0.027726639,0.019913463,-0.037630633,0.012803302,0.05020252,0.0053248233,0.15515912,-0.23429695,0.04701687,0.055667024,0.017333752,0.09519702
-0.10298047,-0.031158509,-2.919661E-10,0.114707865,0.010529067,0.008060515,0.10717086,-0.1177581,-0.14872102,-0.11858153,-0.0695612,0.037544448,0.07539205,0.057387657,-0.051375806,-0.099446155,-0.075408384,-0.21036534,0.0861446,0.0031959035,-0.058730774,0.07354921,0.024941102,0.1857846,0.005663786,-0.12851419,0.085464984,-0.00983004,0.0015277789,0.019099128,-6.7201274E-4,0.025911938,0.02227159,-0.048108466,0.030524971,-0.07961256,-0.029456466,-0.007366662,-0.124073535,-0.09403533,-0.008120616,-0.03536712,-0.0060206475
-0.06335741,0.103502,0.114707865,2.8998165E-10,-0.02974897,2.6132588E-4,-0.08473844,-0.1006045,-0.06999697,0.07510043,0.049392197,-0.046271127,0.095789686,0.08522455,-0.13180333,-0.048026584,-0.005603919,-0.009960462,-0.004315463,-0.196848,-0.16370232,-0.034755666,-0.035502017,-0.0664698,-0.069314964,0.05060403,0.04043322,0.021984609,-0.046813767,-0.033306543,-0.009357552,-0.020205317,-0.014105523,-0.042081974,-0.004240044,0.020580063,0.04829452,0.100742504,-0.15596451,-0.0074905204,0.08212129,0.026396582,-0.0033224889
-0.103502,-0.06335741,-2.8991476E-10,0.114707865,0.010996547,0.027414704,0.07881752,-0.116643034,-0.1502302,-0.15241341,-0.08523419,0.044026934,0.1122858,-0.011595424,-0.007465884,-0.07211431,-0.035732035,-0.02737239,0.021118345,0.0067390446,-0.061618425,0.046325117,0.04122519,0.10931004,-6.924326E-4,-0.0067468598,0.064360596,0.041447084,-2.3276267E-4,-0.020293642,-0.09420277,-0.07416835,0.0051231165,-0.03169365,-0.069079176,0.057674557,-0.08157649,-0.07377529,-0.053499162,0.025471363,-0.03743825,-0.056184147,-0.064452976
-0.09317479,0.104250506,0.114707865,2.8884428E-10,0.0013942054,0.003901951,-0.11619529,-0.093566604,-0.05100065,0.12001066,0.055994533,-0.039669007,0.0886793,0.14242975,-0.14140359,-0.011772464,0.033330183,0.10270234,-0.003794507,0.034489404,-0.19429111,-0.030236885,-0.025790578,-0.06145493,-0.13003674,0.02079541,-0.03333835,-0.019745398,-0.0464879,0.009521471,0.028572094,0.01712743,-0.022805799,-0.0021144554,-0.01680055,0.026486965,0.039249368,-0.07282339,0.06052842,0.01020408,-0.015125294,0.029103579,-0.055227336
-0.104250506,-0.09317479,-2.8877692E-10,0.114707865,0.007434133,0.05939605,0.045723043,-0.10773522,-0.1318395,-0.17282417,-0.10325609,0.07144148,0.14454362,-0.063293256,0.022536697,0.029238364,0.013833091,0.14776768,-0.071080856,-0.019464156,-0.038999904,-0.025636345,0.058383193,-0.05304196,0.061379947,0.06132772,0.015900437,0.048200615,0.023376307,-0.07270966,-0.080637686,-0.06695081,-0.005642294,-0.054147486,-0.056057848,0.09542869,0.027583128,-0.08445382,-0.054486692,0.06192561,-0.008097702,0.025129812,-0.09120179
-0.09733479,0.06761705,0.114707865,1.832795E-10,0.013345688,-0.0057816617,-0.107041575,-0.0595719,-0.04314469,0.051042307,0.019336026,-0.064406924,0.06733532,-0.09765208,0.112286516,0.08683275,0.1297683,0.039593432,-0.029890565,0.07105507,0.10959285,0.038226556,0.067149915,0.05017322,0.009015961,-0.03630062,0.042105332,-0.003044431,0.033346318,-0.074654624,-0.12106692,-0.042119563,-0.05707024,0.01510199,0.06548526,0.073465504,-0.009498381,-0.0318999,0.010364302,-0.09779185,0.011037253,-0.07759215,-0.06561366
-0.06761705,-0.09733479,-1.832358E-10,0.114707865,0.008913465,0.10237385,0.017620232,0.092615455,0.057946958,0.03141703,-0.093256995,-0.040171444,0.12207783,-0.02473913,-0.019496527,-0.014415986,0.031838775,-0.0052669495,0.062422227,-0.03782637,-0.057934057,-0.026440198,0.0105422,-0.058939192,0.016753847,0.033793364,0.006096884,0.008084457,0.031157862,0.038491648,-0.0112240175,-0.033597324,-0.013929459,0.018750984,-0.020427698,-0.005205643,-0.07644236,-0.021570193,0.025438633,0.02268138,-0.025548296,-0.017318781,0.01938111
-0.07182517,0.08148899,0.114707865,2.2589039E-10,-0.004990804,-0.01113793,-0.08027042,-0.055048976,-0.039645698,0.058580134,0.028137986,-0.06003275,0.08452937,-0.066049606,0.09783507,0.056434866,0.07168288,-0.04313974,-0.03109769,-0.02316926,0.12916085,0.032689877,0.08463093,0.059305895,-0.0018629587,-0.027324721,-0.03983569,-0.02554255,0.025155347,-0.011652931,0.018768812,0.030137258,-0.027575223,-0.038614325,0.00189582,-0.017047865,0.0015391782,0.0038243304,0.031062268,0.0040212534,0.02621288,-0.050446156,-0.028260125
-0.08148899,-0.07182517,-2.2583771E-10,0.114707865,0.007954366,0.06555064,0.03921772,0.08352527,0.0136934575,0.051779374,-0.06517919,-0.07757373,0.09951982,-0.07853517,0.01998046,-0.065085836,0.11899895,0.030143635,0.08113744,0.042258054,-0.053872973,0.023509338,0.01308536,-0.0038269851,0.006358242,0.07085601,0.1317471,0.0045673405,0.032316025,-0.05563146,-0.16713844,-0.037072793,-0.022387443,-0.0097676385,-0.070612095,0.13896543,-0.021228673,-0.02975266,0.029191699,-0.027966717,-0.032340404,0.15263931,0.08279178
-0.044678487,0.067146085,0.114707865,1.877293E-10,-0.005134892,-0.010144962,-0.057815824,-0.042373206,-0.02240163,0.042414915,0.016813578,-0.023157433,0.07364009,-0.011890385,0.09616796,0.050008904,0.053795177,-0.1241439,0.016009944,-0.10398431,0.1060661,0.044825263,0.07182552,0.03696632,0.0035210387,0.019917333,-0.118828945,0.012541988,0.029779252,0.053158995,0.16053817,0.055563316,-0.022081748,0.004965097,-0.054740846,-0.10976281,-0.03470126,0.019057795,-0.0147426,0.11258606,0.0069589214,0.08673674,0.10385379
-0.067146085,-0.044678487,-1.8768591E-10,0.114707865,9.3566964E-4,0.07202579,0.043660533,0.08955919,0.04698424,0.062942214,-0.051233854,-0.04042926,0.077102184,0.008421394,-0.0045572105,-0.029069807,0.00762648,-0.0050122077,0.046289142,-0.006589273,-0.016829735,-0.014077152,0.022742445,0.048923284,0.0047145872,-0.024602149,-0.050071687,-0.028339585,0.017493874,0.014106733,0.06485301,0.08165203,0.002398001,-0.019281996,0.004270843,-0.0075629167,0.1311585,-0.011661865,0.013589371,-0.07255983,-0.04218249,-0.091357835,-0.07955424
-0.07166301,0.058789864,0.114707865,1.6078129E-10,-0.0011917946,-0.0041892603,-0.083122514,-0.05558585,-0.035069887,0.046423722,0.013011536,-0.051734883,0.08110481,-0.063606,0.099197686,0.058609553,0.096139,-0.045032512,-0.0067328406,-0.023794454,0.11599236,0.040934313,0.07836644,0.02070801,-0.023923162,0.001823768,-0.031293023,0.012478434,0.03811684,-0.0055087614,-0.0020328094,-0.02870585,-0.030578667,0.04602258,-0.010641712,-0.023409098,-0.050382856,0.010583322,0.008172603,0.023050092,0.020703401,0.004736831,0.03121093
-0.058789864,-0.07166301,-1.6074331E-10,0.114707865,0.0017064818,0.066709176,0.038765367,0.08908733,0.06707341,0.0419049,-0.06905276,-0.0533916,0.09547502,0.025765955,-0.0030559069,-0.051344294,-7.766772E-4,-0.04879734,0.06572425,-0.054257266,-0.04189068,-0.019500395,0.026329996,0.031572863,-0.008373183,0.052023295,-0.10350147,0.023292357,0.0013378472,0.05513312,0.10682103,0.0609901,0.009639103,-0.014366694,-0.077163965,-0.0762334,0.12354713,-0.0094839595,0.036642224,-0.041187275,-0.024813484,-0.035570547,-0.0096668145
-0.07136241,0.07095446,0.114707865,1.9571632E-10,-0.004898711,-0.0057014925,-0.07608019,-0.04704001,-0.024680927,0.049371623,0.003434832,-0.04645149,0.08672213,-0.051124655,0.10552046,0.06645759,0.08731968,-0.066984214,0.0038344576,-0.021729048,0.25431046,0.041449208,0.20154457,0.052459735,-0.064920224,-0.029865956,-0.034220316,3.244772E-4,0.033639595,0.010133143,0.048016388,0.023293924,-0.041501872,-0.0036060833,0.022550927,-0.030058503,0.004288726,-0.022856485,0.083439216,-0.009158152,-0.07443795,-0.075923055,-0.048959345
-0.07095446,-0.07136241,-1.9567047E-10,0.114707865,0.009474272,0.07633294,0.03257031,0.0861277,0.04168721,0.06307117,-0.06951765,-0.065026134,0.1001209,-0.033547565,-0.0036427071,-0.049114414,0.03736041,-6.880235E-4,0.059654076,0.003254849,-0.057499476,7.142076E-4,0.008403157,0.012153411,0.013792767,0.05443048,0.017093306,-0.006775383,0.032937583,-0.020809755,-0.030027874,0.03356197,-0.01985829,-0.023424637,-0.06560413,0.026606714,0.062183723,-0.009693766,0.040332843,-0.014508851,-0.009660367,0.0516005,-0.0025021643
0.09733479,0.06761705,0.114707865,2.0472594E-10,0.013345674,0.005781659,0.10704164,0.059571892,0.043144736,-0.051042344,0.019336224,0.06440692,0.06733538,0.09765211,-0.11228629,-0.08683263,-0.12976807,-0.039593432,0.02989022,-0.07106216,0.10958837,-0.038226638,0.067150176,-0.05017289,0.009015619,0.036300436,-0.04210537,-0.0030444346,0.033346456,0.07465445,0.12106635,0.042121995,-0.057069615,0.015101472,-0.06548533,-0.07346514,0.009500865,-0.0319014,0.010364052,0.097793065,0.011032043,0.07759191,0.065608
-0.06761705,0.09733479,-2.0468226E-10,0.114707865,-0.008913439,0.10237387,0.017620232,0.09261544,0.057947055,0.03141719,0.093256876,-0.040171456,-0.12207769,-0.024739109,-0.019496586,-0.014415904,0.031838927,-0.0052669407,0.062422186,-0.037830263,0.05793168,-0.026440127,-0.01054185,-0.058939353,-0.016754298,0.03379308,0.0060969354,-0.00808416,-0.031158041,0.038492028,-0.0112240175,-0.033598237,0.013927879,-0.018750496,-0.020427184,-0.0052062324,-0.07644538,0.021563012,-0.025438264,0.022682935,0.025546411,-0.017319022,0.019380774
0.07182517,0.08148899,0.114707865,2.4171612E-10,-0.004990806,0.011137942,0.08027046,0.05504897,0.039645728,-0.05858032,0.028138014,0.060032804,0.08452921,0.066049546,-0.09783498,-0.056434765,-0.07168265,0.04313979,0.031097347,0.023160994,0.12916276,-0.032690316,0.08463112,-0.05930567,-0.0018630798,0.027324196,0.039835706,-0.025542859,0.02515531,0.011653111,-0.018769244,-0.03013595,-0.02757639,-0.038613994,-0.0018957412,0.017047433,-0.0015398406,0.00382445,0.031062588,-0.004019597,0.026213469,0.050445452,0.028256305
-0.08148899,0.07182517,-2.4166347E-10,0.114707865,-0.00795435,0.06555064,0.039217666,0.08352521,0.013693446,0.051779427,0.06517915,-0.07757381,-0.09951964,-0.07853512,0.019980421,-0.06508588,0.11899898,0.030143633,0.08113742,0.042254567,0.05387574,0.023509486,-0.01308536,-0.0038267737,-0.006359293,0.07085604,0.13174732,-0.0045681107,-0.03231587,-0.055631537,-0.16713811,-0.037073895,0.022387527,0.0097680045,-0.070612215,0.13896492,-0.021231584,0.029753778,-0.029190741,-0.027965229,0.032343667,0.15263945,0.08279188
0.044678487,0.067146085,0.114707865,1.9757361E-10,-0.0051348954,0.010144961,0.05781581,0.042373203,0.022401672,-0.042414892,0.01681366,0.023157516,0.07364019,0.011890204,-0.09616817,-0.05000887,-0.053795025,0.12414387,-0.01601027,0.10397743,0.10607292,-0.044825446,0.07182531,-0.036965948,0.0035211039,-0.019917523,0.11882911,0.012541857,0.029778896,-0.053158976,-0.1605383,-0.05556219,-0.022082452,0.004965583,0.054740828,0.109762505,0.034699757,0.019063918,-0.014742644,-0.11258574,0.0069653024,-0.08673678,-0.10385085
-0.067146085,0.044678487,-1.9753024E-10,0.114707865,-9.356533E-4,0.072025925,0.04366062,0.08955913,0.046984173,0.06294226,0.051233698,-0.040429346,-0.077102154,0.008421487,-0.004557264,-0.02906974,0.0076265354,-0.0050121876,0.046289064,-0.006590406,0.016829398,-0.014077124,-0.022742562,0.04892331,-0.0047143972,-0.024602035,-0.050071314,0.028339423,-0.017493555,0.014106896,0.06485313,0.08165183,-0.0023959232,0.019280924,0.0042709443,-0.0075629125,0.13115722,0.0116738,-0.013590977,-0.072557494,0.04218709,-0.09135782,-0.079555824
0.07166301,0.058789864,0.114707865,1.765713E-10,-0.0011917921,0.0041892584,0.083122484,0.05558588,0.035069883,-0.046423767,0.013011591,0.05173486,0.081104696,0.06360598,-0.099197574,-0.058609482,-0.096138895,0.045032475,0.0067324853,0.023787044,0.11599406,-0.040934525,0.078366324,-0.020707538,-0.02392302,-0.0018242592,0.03129332,0.012478377,0.038116664,0.005508797,0.0020323852,0.028707756,-0.030577626,0.04602215,0.010641387,0.023408944,0.05038233,0.010588523,0.008172394,-0.023049068,0.02070478,-0.004736722,-0.0312126
-0.058789864,0.07166301,-1.7653332E-10,0.114707865,-0.0017064591,0.06670916,0.038765445,0.08908734,0.06707348,0.041904937,0.06905282,-0.053391613,-0.095474884,0.025766023,-0.0030559837,-0.05134443,-7.7636185E-4,-0.04879756,0.06572418,-0.054260004,0.041887358,-0.019500496,-0.026329907,0.03157297,0.008372447,0.052023355,-0.1035018,-0.023291761,-0.0013378514,0.055132933,0.10682057,0.060991064,-0.009638045,0.014365327,-0.07716419,-0.076233186,0.12354572,0.009493661,-0.036643248,-0.04118582,0.024816416,-0.035570703,-0.009666473
0.07136241,0.07095446,0.114707865,2.114401E-10,-0.0048987158,0.005701496,0.07608023,0.047040004,0.024680933,-0.04937163,0.003434903,0.046451546,0.08672203,0.05112459,-0.10552048,-0.06645765,-0.08731954,0.06698433,-0.0038349656,0.021712532,0.2543121,-0.041449368,0.20154455,-0.052458838,-0.06492059,0.029864747,0.03422081,3.2409525E-4,0.033639785,-0.010133123,-0.048016742,-0.023292009,-0.04150242,-0.0036058174,-0.022551026,0.030058354,-0.0042860745,-0.022856612,0.083439514,0.009153886,-0.07443789,0.07592331,0.048962463
-0.07095446,0.07136241,-2.1139425E-10,0.114707865,-0.009474245,0.07633298,0.03257032,0.08612765,0.041687217,0.063071296,0.06951783,-0.065026134,-0.10012088,-0.033547558,-0.0036427442,-0.04911447,0.037360575,-6.8792334E-4,0.059653956,0.0032510275,0.057499785,7.1410375E-4,-0.008402957,0.0121534765,-0.013793635,0.054430548,0.017093467,0.0067751976,-0.032937497,-0.020809399,-0.03002741,0.033561144,0.019859675,0.02342374,-0.06560392,0.02660675,0.06218238,0.009700106,-0.04033334,-0.014508452,0.009661965,0.05160099,-0.0025002102
-0.017288368,0.070012674,0.114707865,1.9897148E-10,-0.057693757,0.0011708541,-0.015830863,-0.024348576,0.0032693227,0.015807385,0.024691492,0.018622344,0.03706921,0.0141076315,0.010324003,0.019147592,0.0052888403,-0.055369608,0.027154587,-0.014768203,-0.039810106,-0.013393971,-0.045804553,-0.03582293,0.18699901,-0.01608561,0.0353835,-0.025475023,0.0014408244,0.010513244,-0.012402108,0.0054451516,-0.017972974,-0.021732433,0.017528513,-0.032324463,-0.009854489,0.06238692,0.01200963,0.021996928,0.04273511,0.10062419,0.04456016
-0.070012674,-0.017288368,-1.9892624E-10,0.114707865,-0.006421569,0.017762156,0.02869722,0.032879416,-0.023665082,0.13642295,-0.013109488,-0.108306475,0.0052499557,-0.11314575,0.0019019301,-0.13799092,-0.22523737,-0.05434336,-0.1858508,0.14305387,0.0091255205,-0.023764772,0.02152716,0.06407862,-0.018907456,-0.07564986,-0.013933701,0.012083924,-0.0076541286,-0.26215655,0.019275645,0.014421288,0.030476281,-0.016177816,0.35911277,-0.10943243,0.06544653,-0.0010918559,0.011885777,0.06962233,-0.03910952,0.18152218,0.024759501
-0.022735652,0.026505742,0.114707865,7.3543914E-11,-0.08800875,0.0019503165,-0.020196203,-0.0052409526,0.0060011046,-0.012412915,0.01897491,-0.012798261,0.033722512,-0.011787995,0.027153527,-0.0017638982,-0.023042932,-0.048215955,0.03179786,1.2210228E-4,-0.07294506,-0.029412262,-0.08155767,-0.04297285,0.27511838,-0.0013508365,-0.008134869,-0.03688157,0.00785298,0.14907725,-0.04738763,0.034289815,-0.029059755,-0.0443222,0.1576778,-0.02515367,0.029553205,0.013357712,0.09877087,0.05492225,-0.004282891,0.1175754,0.04486448
-0.026505742,-0.022735652,-7.352678E-11,0.114707865,-0.016090548,-0.10236812,0.09689802,-0.028501524,0.026184466,0.15797827,-0.032424435,0.050158504,0.005919612,0.07419202,0.13191366,-0.035365902,-0.13309021,0.007810795,-0.17417213,-0.011985636,0.03931555,-0.110881776,0.043238204,-0.027471626,-0.10225063,-0.03050425,0.01020549,0.069004,-0.05485331,-0.31529146,0.1727468,0.0579315,0.090782166,0.056848902,-0.2842434,0.13792773,-0.19523272,0.028559867,0.010745123,0.03673772,-0.04761239,-0.10609,0.06290916
-0.047157988,-0.00265929,0.114707865,-1.2825197E-11,-0.06188789,-0.022328952,-0.07014678,-0.057557687,0.050178524,0.00835726,-0.015056692,-0.03191831,0.0138759995,-0.06846379,0.07282095,-0.012360916,-0.18892477,-0.22799928,-0.06156556,0.068894506,-0.023148185,-0.17454836,-0.066331245,-0.15842196,0.14805947,0.13493536,-0.14971562,0.020374095,-0.036819946,0.08819962,-0.061161224,-0.06455562,0.016282625,0.15388955,-0.073674545,0.08932453,-0.07135631,0.0071392413,0.038492646,-0.0662862,-0.09213183,0.04884959,-0.13067523
0.00265929,-0.047157988,1.2823479E-11,0.114707865,6.778627E-4,-0.06897166,0.06895584,-0.040804654,0.14173302,0.0636645,-0.016802747,0.1779513,0.023892175,0.31975964,0.14220126,0.12820314,0.13854429,0.008629259,0.119802676,-0.121993154,-0.04010092,0.0044525135,-0.022265207,-0.009825157,0.029853163,-0.23354231,0.0061270203,-0.0687401,0.11218921,-0.13645753,-0.040380634,0.012519388,-0.0157398,-0.37329862,0.121202916,0.10430558,0.095162615,0.12302605,0.3226597,0.03143373,0.27990523,0.09435944,0.032199968
-0.0363621,-0.02221169,0.114707865,-6.773438E-11,-0.08303726,-0.0077883373,-0.061817512,-0.035381224,0.095690876,-0.04130045,-0.020139398,0.03913097,0.0076972586,0.103228435,0.10538043,0.0318126,-0.06308093,-0.22584164,0.084151916,0.060848355,-0.023369694,-0.11666806,-0.05327376,-0.12070732,0.15654935,-0.005382611,-0.062092505,0.06220038,-0.029469999,0.042652816,-0.115076944,-0.049073502,0.07002221,0.02896658,0.025007915,0.11798973,-0.040340707,0.033475246,0.14705198,-0.07686557,-0.07947294,0.14300531,0.0999873
0.02221169,-0.0363621,6.772003E-11,0.114707865,0.0023940913,-0.08193747,0.050159052,-0.05270431,0.06505398,0.059186473,-0.029236047,-0.008776231,0.028840063,0.0786291,0.09027889,-0.01877963,-0.045327503,0.036753315,-0.046457775,-0.04805638,-0.015797405,-0.051299755,0.0030955514,0.06873473,-0.027845467,-0.016135529,-0.12624991,-0.017109636,0.03265216,0.16978052,-0.19069806,-0.07623909,0.025106892,-0.037719622,0.14207508,0.121066086,0.049788773,0.02979289,0.105496265,-0.020252896,-0.010465557,-0.12356618,-0.009264899
-9.0325226E-11,-0.029198417,0.114707865,-8.377432E-11,-0.12981816,2.1684102E-8,2.5499187E-9,1.3696595E-9,-1.957951E-8,1.7987425E-8,-0.030587723,-3.819039E-8,-0.028859489,-1.2211832E-9,-6.646977E-8,2.6433252E-8,4.7897533E-8,2.8535748E-8,-1.9942947E-8,-1.9289979E-7,0.002967946,-1.199077E-8,-0.06562775,-2.2902384E-7,0.08552816,4.3603137E-7,6.0741887E-9,0.03514538,-0.026444467,8.8892655E-8,4.614261E-7,-1.5211333E-6,0.08581122,0.045531094,-1.1842195E-7,-5.472625E-7,-1.6279139E-6,0.0439577,0.041273512,-2.0985021E-6,-0.0703153,2.1540247E-7,3.6822464E-6
0.029198417,-9.0591784E-11,8.3755454E-11,0.114707865,-1.3530778E-8,-0.14334309,0.11628916,-0.067893945,-0.008434449,0.12953007,2.2294173E-9,0.08039194,-2.3060446E-8,0.040674817,0.08573395,-0.0046499367,-0.0055817445,0.04830955,-0.026518231,-0.03874623,-1.2903724E-6,0.044428326,1.869723E-8,-0.0042586634,-3.0169042E-7,0.09626951,0.01326867,8.835443E-8,7.805481E-8,0.12753354,0.052882347,-0.015866684,-5.42646E-7,1.8493351E-7,-0.05362599,-0.08760978,0.102870286,3.5092633E-6,-2.5147162E-7,-0.014100125,7.067598E-7,-0.04339316,-0.18627553
0.0363621,-0.02221169,0.114707865,-5.972247E-11,-0.083037205,0.007788378,0.061817434,0.035381228,-0.09569093,0.041300457,-0.0201394,-0.03913104,0.0076971636,-0.10322849,-0.10538054,-0.03181247,0.06308083,0.22584166,-0.08415177,-0.060846724,-0.023374092,0.11666787,-0.05327405,0.12070657,0.15654977,0.005384721,0.062092267,0.0621999,-0.029469362,-0.04265335,0.11507789,0.049070977,0.07002388,0.028965918,-0.025008086,-0.11799048,0.040339652,0.03347634,0.14705087,0.07686071,-0.07947943,-0.14300385,-0.099989995
0.02221169,0.0363621,5.970811E-11,0.114707865,-0.0023941118,-0.08193746,0.05015905,-0.052704293,0.065053985,0.059186567,0.029236028,-0.008776236,-0.028840004,0.07862906,0.09027882,-0.018779606,-0.045327436,0.036753245,-0.046457794,-0.048057277,0.015794182,-0.051299654,-0.0030955507,0.06873474,0.02784525,-0.016135266,-0.12625007,0.017110761,-0.03265253,0.16978027,-0.19069898,-0.076238096,-0.02510927,0.037720256,0.14207487,0.121067196,0.04979099,-0.029784974,-0.10549649,-0.020252353,0.01046433,-0.1235666,-0.009267453
0.047157988,-0.00265929,0.114707865,-2.4345504E-12,-0.06188788,0.022328962,0.07014671,0.05755767,-0.050178483,-0.008357245,-0.015056632,0.031918325,0.013876127,0.06846387,-0.07282098,0.012360834,0.18892455,0.22799946,0.061565652,-0.06889307,-0.023152718,0.17454864,-0.06633185,0.15842156,0.14806168,-0.13493343,0.14971541,0.020373993,-0.036819972,-0.08820025,0.061161518,0.064555705,0.01628428,0.15388851,0.07367407,-0.08932454,0.07135697,0.0071441224,0.038491115,0.066280864,-0.09213592,-0.04884864,0.13067164
0.00265929,0.047157988,2.4328306E-12,0.114707865,-6.7788037E-4,-0.06897154,0.06895584,-0.040804714,0.14173302,0.063664444,0.01680273,0.17795104,-0.02389199,0.31975943,0.14220119,0.12820336,0.13854422,0.008629285,0.119802706,-0.121996,0.040093284,0.0044529387,0.022264399,-0.009825025,-0.029850358,-0.23354234,0.006127685,0.06874004,-0.112189494,-0.13645807,-0.040379453,0.012520184,0.015740218,0.37329882,0.12120192,0.1043094,0.095173605,-0.1230151,-0.32265982,0.03141605,-0.27990502,0.09436246,0.032208767
0.022735652,0.026505742,0.114707865,7.8553414E-11,-0.088008836,-0.0019502685,0.020196225,0.005240931,-0.0060010916,0.012413009,0.018974928,0.012798169,0.03372259,0.011787938,-0.027153438,0.0017639914,0.023042744,0.048216105,-0.03179784,-1.1715095E-4,-0.07294527,0.029412204,-0.08155746,0.04297218,0.27511787,0.0013540661,0.008133867,-0.036882076,0.007852929,-0.1490772,0.047386996,-0.034289528,-0.029061211,-0.04432319,-0.15767775,0.025152719,-0.029554427,0.013356136,0.09877109,-0.05492169,-0.0042805886,-0.11757601,-0.044861298
-0.026505742,0.022735652,-7.853629E-11,0.114707865,0.016090527,-0.10236806,0.09689806,-0.028501574,0.026184434,0.1579782,0.032424327,0.050158486,-0.005919669,0.074191995,0.13191353,-0.035365738,-0.13309078,0.0078110863,-0.17417212,-0.011982976,-0.039316542,-0.11088183,-0.04323826,-0.027472124,0.10225057,-0.030502755,0.010205214,-0.06900535,0.054853328,-0.3152916,0.17274632,0.05793346,-0.09078001,-0.056849737,-0.28424278,0.13792743,-0.1952313,-0.02857447,-0.0107443,0.036741044,0.04760939,-0.106090605,0.06290578
0.017288366,0.070012674,0.114707865,2.0278074E-10,-0.05769372,-0.0011708316,0.01583086,0.02434857,-0.0032693408,-0.01580733,0.02469154,-0.01862244,0.037069168,-0.014107671,-0.010324007,-0.019147696,-0.0052887364,0.0553697,-0.027154572,0.01477089,-0.0398092,0.013393835,-0.045804515,0.03582246,0.18699889,0.016087793,-0.035384312,-0.025474647,0.0014407382,-0.010513456,0.012401637,-0.005444603,-0.017973304,-0.021732617,-0.017528692,0.0323231,0.009848852,0.062388837,0.01200966,-0.02199389,0.042735256,-0.100624695,-0.044557653
-0.070012674,0.017288366,-2.027355E-10,0.114707865,0.0064215823,0.017762149,0.028697236,0.032879394,-0.02366506,0.13642286,0.013109401,-0.108306445,-0.0052500796,-0.113145776,0.0019019324,-0.13799071,-0.2252375,-0.05434314,-0.18585093,0.14305457,-0.009116407,-0.023764683,-0.021527357,0.06407855,0.018907709,-0.07564939,-0.013933872,-0.012084899,0.0076541,-0.26215675,0.019275242,0.014422398,-0.030475328,0.016177664,0.35911307,-0.10943281,0.06544615,0.001095033,-0.011886208,0.06962503,0.039106615,0.18152237,0.02475659
-0.024411181,-0.014611534,0.114707865,-4.4611866E-11,-0.12557115,0.013866533,-0.05246744,-0.011441543,0.05908767,-0.022643689,-0.012616762,-0.016136535,0.014852529,0.030597724,0.030773817,0.023314562,-0.06548292,-0.1446156,0.013840215,0.016662877,-0.015983418,-0.08521418,-0.054138437,-0.049699057,0.14068732,-0.026282266,-0.07920475,0.052033167,-0.043050133,0.007536154,-0.026051013,0.007911715,0.070777945,0.057225443,0.011944912,0.11724698,0.03775438,0.057216585,0.07330504,-0.019167246,-0.0551848,0.014270204,-0.061958343
0.014611534,-0.024411181,4.4602422E-11,0.114707865,0.0038775674,-0.14502305,0.10927944,-0.060007986,-0.00652991,0.14963695,-0.0232633,0.065581255,0.018350655,0.03173684,0.13687566,-0.057805445,-0.026356675,0.091873586,-0.0933749,-0.04988701,-3.936321E-5,-7.312877E-4,0.0062879445,0.01893508,-0.03885249,0.09273465,-0.011163237,0.010924517,0.0140151065,0.15907933,-0.116267435,-0.05628344,0.020055324,-0.005385402,0.05705155,-0.057711057,0.030245828,0.0222723,0.025414841,0.012711145,-0.009065875,-0.09314154,-0.12989204
0.024411181,-0.014611534,0.114707865,-3.9233183E-11,-0.12557116,-0.013866431,0.052467383,0.011441573,-0.059087742,0.022643723,-0.0126168085,0.016136639,0.014852447,-0.030597908,-0.030773757,-0.023314323,0.06548243,0.14461604,-0.0138398735,-0.01666181,-0.015984645,0.085214615,-0.0541388,0.04969918,0.1406875,0.026284242,0.07920467,0.052032836,-0.043049715,-0.007536519,0.0260523,-0.007914578,0.070778,0.05722576,-0.011945028,-0.117248215,-0.037758384,0.05721055,0.073305175,0.019164026,-0.055185933,-0.014269477,0.061959207
0.014611534,0.024411181,3.922374E-11,0.114707865,-0.0038776072,-0.14502306,0.10927949,-0.060007878,-0.0065298937,0.1496371,0.023263186,0.0655813,-0.018350698,0.031736843,0.13687548,-0.057805583,-0.026356572,0.09187364,-0.09337467,-0.049886864,3.598014E-5,-7.3143386E-4,-0.0062878346,0.018935153,0.038851555,0.09273526,-0.011163496,-0.01092385,-0.014015216,0.1590795,-0.1162679,-0.05628242,-0.020056603,0.0053860396,0.057051525,-0.0577106,0.03024788,-0.02227028,-0.02541547,0.012711675,0.009062451,-0.093140796,-0.12989332
-0.06008785,-0.07665532,0.114707865,-2.2655457E-10,-0.013869447,-0.013832999,-0.13457769,-0.021707956,0.11051496,-0.17269291,-0.08399659,-0.15645067,-0.07108701,0.12411519,0.18080817,-0.17290996,-0.05463619,0.062165644,-0.058072213,0.0476736,0.01864322,0.0807087,-0.036063068,-0.090001136,-0.110092714,0.03887038,0.12751967,0.009324635,0.020494362,0.022077924,0.058923732,-0.065423116,8.691908E-4,-0.031758934,-0.02738316,-0.05111444,0.055225898,-0.07022361,-0.040600438,-0.08366568,-0.010776212,-0.07306473,0.052151203
0.07665532,-0.06008785,2.2650506E-10,0.114707865,-0.004529604,-0.004644832,-0.10858669,-0.034167603,0.13077544,-0.13192718,-0.046800878,-0.12213088,0.031612784,0.06909448,-0.042825677,0.040204726,-0.046813942,0.09710785,-0.048208006,-0.06086231,0.0018522949,-0.018170629,0.022837952,0.09280646,-0.14567491,-0.056451652,-0.20247093,-0.011787522,0.067444935,-0.13412349,-0.25851423,0.011137057,0.012208077,-0.045191243,-0.12656848,-0.2689685,-0.065662295,0.16836388,0.069252364,-0.015890768,-0.08702543,0.008452324,-0.010816825
-0.036994115,-0.06017783,0.114707865,-1.7673416E-10,-0.084356025,-0.017562341,-0.053252503,-0.024115285,0.06959379,-0.079274036,-0.06497211,-0.07027968,-0.07076921,0.038325503,0.096570924,-0.09104193,-0.010829385,0.017274126,0.0029418676,0.020923402,0.021166105,0.061199475,-0.056670386,-0.043740056,-0.03618192,0.018266577,0.11221603,0.038615216,0.013443349,0.029042693,0.09344999,-0.020949373,0.07188568,-0.042619687,0.06811603,0.055950858,-0.021985345,-0.0682614,-0.002238724,0.048348214,-0.021444788,0.01760395,-0.010641386
0.06017783,-0.036994115,1.7669526E-10,0.114707865,-0.0018957972,-0.11675981,-0.003908177,-0.14745548,0.13964789,-0.04203008,-0.028196415,-0.08216114,0.025926229,-0.1122928,-0.09398081,0.0684848,-0.019932255,-0.026515711,0.10418883,0.01654616,-0.0030005625,-0.026716402,5.740716E-4,-0.073950626,-0.08043056,-0.033259794,0.0014696287,-0.04300294,0.05574804,-0.051986575,0.01554908,-0.033032425,-0.010458361,-0.047127947,-0.01868613,-0.027766895,0.03182619,0.10893525,0.057565432,-0.051143974,-0.009824122,-0.05077843,-0.003019227
-0.013818633,-0.054413866,0.114707865,-1.5764334E-10,-0.11271682,-1.8269407E-4,-0.013805373,0.005077363,0.012367515,-0.015100331,-0.043475308,-0.0018042151,-0.06627642,0.030368932,0.042444386,-0.026662407,0.0020798242,0.0027259944,-0.0045569367,0.015093712,0.018121267,0.031231413,-0.105206445,-0.0015341848,0.015018541,0.016329966,0.043501034,0.0076449686,0.041650224,0.017734664,0.023155931,0.021863585,0.06822296,-0.015886562,0.03646164,0.040588323,-0.03226525,0.009208052,0.0111417165,0.08232678,-0.0028121804,0.027211571,-0.03985596
0.054413866,-0.013818633,1.5760818E-10,0.114707865,-0.0023640099,-0.15839258,0.04466661,-0.18263008,0.110983305,0.019769493,-0.0077819573,-0.03626586,0.0045452127,-0.14425887,-0.09514499,0.09219562,0.026483994,-0.03953439,0.16575259,0.05914811,0.0058368384,7.1689766E-4,0.005953204,-0.118523404,-0.040443834,-0.0037095658,0.14415309,0.005479463,0.0065876753,-0.020647835,0.11425715,-0.05611186,0.012422925,6.233756E-4,-0.016679326,-0.04260211,0.043227967,0.018453699,0.0044744844,-0.034409296,-0.011894277,-0.03426669,0.005867484
-9.384428E-11,-0.056813795,0.114707865,-1.6300668E-10,-0.12242128,2.800552E-8,-8.899755E-9,8.397564E-9,4.454503E-8,3.0554094E-8,-0.051710665,2.2604263E-8,-0.064060874,-5.0751048E-8,-3.8916916E-8,1.10411115E-7,-1.1440587E-7,9.277393E-8,7.102962E-8,-1.0083389E-6,0.028355319,1.5546986E-7,-0.08059298,9.0556554E-8,-0.035694003,-1.9836318E-7,3.4008158E-7,0.032274734,0.017566858,1.882862E-7,6.904797E-7,-2.0677612E-6,0.09024622,0.024650404,-1.13563665E-7,-7.121916E-7,-2.1501369E-6,0.047922507,0.0035669876,-5.569254E-7,-0.023896985,-4.3921497E-7,6.2740955E-6
0.056813795,-9.4362955E-11,1.6296997E-10,0.114707865,-3.1560234E-9,-0.16368419,0.03846633,-0.18521543,0.085770935,0.03150556,-3.0230755E-8,-0.07050488,-6.037324E-8,-0.212729,-0.10124236,0.07173202,-0.009497203,-0.015052193,0.1212753,0.044725187,1.5720518E-6,-0.017057564,-1.3182152E-7,-0.0875334,2.0535063E-7,-0.009888579,0.09350481,4.2022137E-8,5.504655E-9,-0.018938461,0.08506617,-0.057408657,-1.8676659E-6,2.3668771E-7,-0.0015650503,0.01678286,0.03686458,1.960725E-6,4.7198668E-7,-0.030821994,5.87031E-7,-0.07381565,-0.027603488
0.013818633,-0.054413866,0.114707865,-1.5459857E-10,-0.1127168,1.8272798E-4,0.013805345,-0.0050772936,-0.012367498,0.015100284,-0.04347529,0.0018042779,-0.06627642,-0.030369023,-0.042444464,0.02666249,-0.0020799418,-0.0027258813,0.004557087,-0.015095134,0.018120335,-0.031231381,-0.10520636,0.0015339073,0.015018555,-0.016329728,-0.043501154,0.0076448307,0.04165034,-0.017734487,-0.023155315,-0.021866726,0.06822234,-0.015886547,-0.036461588,-0.040588994,0.03226415,0.009210058,0.011141067,-0.08232605,-0.0028067986,-0.027212217,0.039865404
0.054413866,0.013818633,1.545634E-10,0.114707865,0.0023639547,-0.15839267,0.044666547,-0.18263002,0.110983446,0.019769492,0.0077818753,-0.036265917,-0.00454518,-0.14425911,-0.09514501,0.09219549,0.026484245,-0.039534647,0.16575307,0.059148267,-0.0058327103,7.170775E-4,-0.0059530674,-0.11852329,0.040444106,-0.0037089703,0.14415275,-0.0054797647,-0.0065876553,-0.020648228,0.11425692,-0.05611121,-0.012426882,-6.231493E-4,-0.016679479,-0.042601455,0.043229632,-0.018450791,-0.004474618,-0.03440839,0.011896126,-0.034267027,0.0058644693
0.03699411,-0.06017783,0.114707865,-1.6858298E-10,-0.08435606,0.017562376,0.05325247,0.024115328,-0.06959377,0.07927396,-0.06497211,0.070279576,-0.07076917,-0.038325433,-0.096570805,0.091041975,0.01082946,-0.0172742,-0.0029419374,-0.02092495,0.021164816,-0.061199423,-0.05667037,0.04373985,-0.036182255,-0.018266829,-0.112215884,0.03861552,0.013443315,-0.02904259,-0.0934491,0.020946065,0.07188799,-0.04261987,-0.06811611,-0.055949446,0.021991653,-0.06826048,-0.0022397032,-0.048349183,-0.021441765,-0.017603664,0.010635926
0.06017783,0.03699411,1.6854408E-10,0.114707865,0.0018957617,-0.11675994,-0.0039081653,-0.14745526,0.139648,-0.042030085,0.028196521,-0.08216112,-0.025926169,-0.112292685,-0.09398075,0.06848444,-0.019931888,-0.026515773,0.10418872,0.016545929,0.0030017481,-0.026716497,-5.739308E-4,-0.07395054,0.08043092,-0.033258863,0.0014687891,0.043003004,-0.055747706,-0.051987495,0.015548463,-0.0330312,0.010457103,0.04712761,-0.018686762,-0.027764374,0.03183609,-0.10893282,-0.05756596,-0.05114396,0.009826797,-0.050777804,-0.0030215995
0.060087845,-0.07665532,0.114707865,-2.1331499E-10,-0.01386944,0.013833004,0.13457768,0.021707961,-0.11051498,0.17269285,-0.083996914,0.1564506,-0.071087115,-0.12411529,-0.18080798,0.17290989,0.054636456,-0.062165767,0.05807205,-0.04767494,0.018640013,-0.08070881,-0.036063045,0.09000106,-0.110092185,-0.03887169,-0.1275192,0.009324479,0.020494454,-0.022078078,-0.058923632,0.06542281,8.7278127E-4,-0.0317593,0.02738349,0.05111656,-0.05522002,-0.07022762,-0.04060012,0.08366531,-0.01078164,0.073065795,-0.052180633
0.07665532,0.060087845,2.1326547E-10,0.114707865,0.0045296024,-0.0046448424,-0.108586654,-0.034167662,0.13077527,-0.1319271,0.046800863,-0.12213113,-0.031612657,0.069094494,-0.042825785,0.04020468,-0.046813764,0.09710774,-0.048208028,-0.060861878,-0.0018563869,-0.018170625,-0.022838285,0.09280637,0.14567484,-0.056449555,-0.20247148,0.011787783,-0.06744515,-0.13412409,-0.25851506,0.011138097,-0.012203047,0.045191687,-0.12656897,-0.2689647,-0.065646924,-0.16837513,-0.0692532,-0.0158856,0.087026626,0.008451618,-0.010824148
0.045402143,-0.094402395,0.114707865,-2.6585173E-10,-0.04212373,0.0010323931,0.073835135,0.071669996,-0.1593407,0.124024846,-0.05952852,0.0727863,-0.09386575,-0.06471753,-0.0898636,0.10854184,0.018178184,-0.02089808,0.023002682,-0.032307226,0.0017887289,-0.05154885,-0.048523795,0.048607413,-0.08732677,-0.0029376217,-0.063193165,-0.0350849,0.08249425,0.0075103873,0.008882525,-0.0067205695,-0.08588657,-0.07022885,0.03869977,0.09617594,-0.03200824,-0.09317838,-0.059387922,0.050620105,0.07778343,0.039584443,-0.114477254
0.094402395,0.045402143,2.6579072E-10,0.114707865,0.0054162946,-0.050764956,-0.10626855,0.09996598,-0.0789816,-0.079405434,0.026647663,-0.10692769,-0.025702236,0.09763411,0.0057488917,0.07221329,-0.0383265,0.047417402,-0.0027830126,-0.045763202,0.008818604,-0.00638826,-0.03089349,0.059386123,0.14554316,-0.038614277,-0.04670479,-0.0097199865,-0.029257298,-0.029393466,-0.06508897,-0.049645964,-0.012515749,0.02723668,-0.06852393,-0.08606794,-0.035696276,-0.20078158,-0.07179333,-0.039330345,0.09022315,0.025195202,0.0061647086
0.024506139,-0.10357116,0.114707865,-2.944603E-10,-0.07346306,-0.006474217,0.036323335,0.04502381,-0.09194039,0.056776877,-0.050812613,0.019273588,-0.104833126,-0.03716856,-0.036929663,0.051755972,-0.014944373,-0.013434955,0.016696582,-0.0109039415,0.007106462,-0.027443837,-0.051394902,0.0067968494,-0.099806376,-0.032855805,-0.07511038,-0.007025659,0.09876518,0.006643733,0.042109773,-0.029445428,-0.08352487,-0.044844355,0.03181364,0.07512951,-0.0012606358,-7.217587E-4,-0.037332825,0.026030948,0.11862736,0.029878074,-0.114093706
0.10357116,0.024506139,2.9439334E-10,0.114707865,0.0022581252,-0.10185443,-0.10536205,0.1967966,-0.22934985,-0.048249267,0.012901688,-0.12879255,-0.014609762,0.079422094,0.055259198,0.06039442,-0.05364239,0.02951449,0.02062517,-0.02167684,0.005837222,-0.003048296,-0.014129292,0.024308562,0.07754536,-0.01964662,0.011205604,-0.012098431,-0.014494033,0.039723847,0.11166392,-0.16686872,-0.009104097,0.013798514,-0.008217069,0.079848014,-0.00898852,-0.121280015,-0.045015898,-0.07700645,0.04905937,0.04504396,0.020404935
-1.02293646E-10,-0.106010795,0.114707865,-3.041597E-10,-0.098651566,6.187268E-9,2.194665E-9,1.1634562E-8,2.1928634E-9,-8.673542E-9,-0.060733408,-7.648641E-8,-0.10081624,1.8715435E-8,-4.95956E-8,1.5453295E-9,7.344693E-8,-4.7428337E-8,-4.274814E-8,-1.0359375E-6,0.030082002,-8.606795E-8,-0.01954189,-7.7613414E-8,-0.11832954,-9.3746E-7,2.487014E-7,-0.0021304835,0.054638453,2.8943816E-7,-2.744755E-7,1.0629542E-6,-0.051122513,4.5946997E-4,1.5732617E-8,-2.9590058E-7,-1.5033323E-6,0.019893546,-0.04262584,2.3505022E-6,0.08697212,-6.982694E-7,1.7721734E-6
0.106010795,-1.0326145E-10,3.0409122E-10,0.114707865,-2.055307E-8,-0.12054728,-0.10336599,0.22553799,-0.25944433,-0.03806898,1.8365369E-9,-0.13126335,7.2520145E-9,0.07950943,0.078435324,0.05682448,-0.06673361,0.009093442,0.04507685,-0.010384454,-2.1203496E-7,-0.006796344,-6.145008E-8,-0.022654219,2.5118172E-7,-0.022121415,8.2634273E-4,-7.686705E-9,2.5938908E-7,0.0703228,0.1885377,-0.19866578,-5.525825E-6,7.6877114E-7,0.011216858,0.14631207,0.013368671,2.0693888E-6,6.868473E-7,-0.080972165,2.430139E-6,0.034872465,-0.015554857
-0.024506139,-0.10357116,0.114707865,-2.9985986E-10,-0.07346314,0.006474247,-0.03632332,-0.045023765,0.09194035,-0.056776997,-0.05081254,-0.019273583,-0.10483302,0.037168615,0.036929615,-0.051755838,0.014944363,0.013434852,-0.016696546,0.010903365,0.0071070106,0.02744406,-0.051394463,-0.006796931,-0.09980654,0.032854788,0.075110614,-0.007026026,0.0987651,-0.0066436077,-0.04211084,0.029447753,-0.083523385,-0.04484488,-0.03181359,-0.07512982,0.0012594638,-7.234802E-4,-0.03733336,-0.026023993,0.1186289,-0.029879311,0.114086494
0.10357116,-0.024506139,2.9979294E-10,0.114707865,-0.0022581434,-0.10185449,-0.10536215,0.19679688,-0.2293499,-0.04824918,-0.0129015,-0.12879266,0.014609872,0.079422094,0.05525916,0.060394373,-0.053642023,0.029514275,0.020624842,-0.021676261,-0.005838506,-0.0030488009,0.0141293155,0.024308648,-0.077544965,-0.019647872,0.011206193,0.012098901,0.0144939395,0.039724596,0.11166395,-0.16686833,0.009095546,-0.013797599,-0.008216932,0.07984542,-0.008999522,0.12128056,0.045017418,-0.07701006,-0.049054015,0.045044873,0.020411141
-0.045402143,-0.094402395,0.114707865,-2.7585548E-10,-0.0421238,-0.0010323735,-0.07383518,-0.07167008,0.15934072,-0.124024846,-0.059528474,-0.07278641,-0.09386563,0.06471761,0.089863695,-0.10854175,-0.018178266,0.020898024,-0.023002442,0.03230692,0.0017909254,0.05154896,-0.04852352,-0.048607472,-0.087326765,0.0029367725,0.06319325,-0.035084873,0.08249386,-0.0075104465,-0.008883596,0.0067228214,-0.085886456,-0.070229374,-0.038699903,-0.096173964,0.03201589,-0.09317742,-0.059388507,-0.050615486,0.07778709,-0.039584618,0.11445467
0.094402395,-0.045402143,2.7579447E-10,0.114707865,-0.005416315,-0.050764937,-0.10626864,0.09996603,-0.0789816,-0.079405524,-0.026647497,-0.106927566,0.025702301,0.09763397,0.0057488824,0.07221339,-0.03832669,0.04741752,-0.002782957,-0.045762748,-0.008821546,-0.006388158,0.03089341,0.0593862,-0.14554279,-0.038615983,-0.046704095,0.00972048,0.029256953,-0.029392915,-0.06508857,-0.049646653,0.012514525,-0.027236145,-0.06852379,-0.086072594,-0.035714664,0.20077649,0.07179387,-0.03933566,-0.09022019,0.025196634,0.0061757807
-0.027677063,-0.08327377,0.114707865,-2.4197316E-10,-0.07467801,-0.00486011,-0.051884986,-0.014566973,0.0741246,-0.0892664,-0.042727035,-0.05252877,-0.07874666,0.085351594,0.06423898,-0.06517476,0.004524544,0.007730554,-0.018550646,0.003979997,0.03743286,0.06124565,-0.05943588,-0.010799126,-0.092627674,0.0046688537,0.086512,0.058040384,0.03447854,0.0033114492,0.08949887,0.06158715,0.04365516,0.027705684,0.02990946,0.042417243,0.046855807,-0.110378675,-0.027560344,0.1433755,-0.03496733,0.010254348,-0.19551894
0.08327377,-0.027677063,2.4191935E-10,0.114707865,-0.002808346,-0.08008394,-0.0941653,0.0770567,-0.12422251,0.019296996,-0.01094804,-0.0021505584,0.029553106,0.053236313,0.02285552,0.1299777,-0.04981228,-0.08410679,0.09718001,0.08745501,-0.0027354641,-0.06369445,0.0047672424,-0.095550515,-0.043761045,0.04856037,0.13408989,-0.0023538277,0.03204177,-0.07811733,-0.11870785,0.15747152,0.028020222,-0.031901415,0.04235271,-0.16035241,0.07612158,0.08349664,0.054109085,0.102760896,-0.0659679,-0.0992449,-0.055595774
-1.0193362E-10,-0.08702206,0.114707865,-2.496784E-10,-0.097057626,2.2431903E-8,2.1000742E-8,-1.16055565E-8,-4.043215E-8,-1.374912E-8,-0.05687234,-1.596063E-7,-0.08394102,6.972068E-8,-1.1286877E-9,-8.864078E-9,1.3769136E-7,-1.09951024E-7,-6.547028E-8,-8.260439E-7,0.024761828,-1.6491225E-7,-0.058146615,-2.0449912E-7,-0.092868306,-6.2803707E-7,6.700109E-8,0.020887954,0.03979975,9.839439E-8,-9.7053196E-8,3.7318782E-7,-0.004023652,0.02797544,-9.818314E-8,1.7287705E-7,1.8351233E-7,-0.001856991,-0.020498844,1.1203776E-6,0.045398418,-3.5629685E-7,5.2593664E-6
0.08702206,-1.0272806E-10,2.4962218E-10,0.114707865,-1.5913814E-8,-0.101419196,-0.089786366,0.10036623,-0.16684519,0.028783754,1.5200641E-11,0.008994015,-5.1489066E-9,0.027855728,0.04188151,0.11229298,-0.03857257,-0.096635915,0.12759972,0.10736183,3.6149245E-6,-0.041814387,-4.7003862E-8,-0.15212949,-2.8762236E-7,0.05598685,0.1759618,-5.3218827E-7,-6.867172E-8,-0.05158504,-0.076262586,0.10418786,2.6618827E-6,1.1745193E-7,0.013934534,-0.09988439,0.06832227,2.184045E-6,-7.8881374E-7,0.078028575,-2.174514E-6,-0.10489854,0.067071564
0.027677063,-0.08327377,0.114707865,-2.3587488E-10,-0.074678004,0.0048601367,0.051884983,0.014566984,-0.07412469,0.089266405,-0.04272713,0.052528817,-0.07874675,-0.08535166,-0.06423912,0.06517486,-0.004524649,-0.007730523,0.018550655,-0.003982619,0.037432585,-0.061245408,-0.059436284,0.010799236,-0.092627496,-0.0046698526,-0.08651167,0.05804106,0.03447863,-0.0033112683,-0.089498065,-0.06158888,0.043654118,0.027706608,-0.029909303,-0.04241452,-0.046845637,-0.110383585,-0.027559862,-0.1433781,-0.034957927,-0.010255085,0.19552097
0.08327377,0.027677063,2.3582106E-10,0.114707865,0.0028083203,-0.08008396,-0.094165355,0.07705673,-0.12422243,0.019297054,0.010948137,-0.0021504045,-0.029553102,0.053236224,0.022855395,0.12997736,-0.04981226,-0.084106795,0.0971801,0.08745466,0.0027414518,-0.06369428,-0.004767136,-0.09555033,0.043760665,0.04856121,0.1340895,0.002353596,-0.032042105,-0.078117855,-0.118708625,0.15747324,-0.028012043,0.0319001,0.042352542,-0.16035008,0.07612913,-0.08349285,-0.054111443,0.10276415,0.06596035,-0.099245384,-0.055601437
0.027591951,-0.07125793,0.114707865,-2.0140914E-10,-0.07950277,0.008935244,0.05036826,0.009292299,-0.06540146,0.084755816,-0.047474872,0.051559217,-0.07795176,-0.08529888,-0.06786774,0.06737326,-0.0027423499,-0.004919925,0.014832897,-0.007179256,0.03581081,-0.0669389,-0.058755875,0.020800143,-0.06844195,0.0043261163,-0.09736868,0.057373922,0.019253092,-0.0069482275,-0.10404055,-0.055769026,0.06460658,0.015200092,-0.04134444,-0.056987353,-0.04792431,-0.11350581,-0.02589779,-0.14017743,-0.029649647,-0.01332366,0.19055845
0.07125793,0.027591951,2.0136309E-10,0.114707865,9.274932E-4,-0.11069321,-0.005949914,-0.063727796,0.10820324,-0.060527485,0.028034326,-0.14564961,-0.016896091,-0.08635331,-0.09256703,-0.015995653,-0.033420507,0.10866751,0.0013502461,-0.060945965,7.5786543E-4,0.05996663,-0.0020697936,0.11940721,0.060845226,-0.07504715,-0.15132622,0.020805107,-0.041815672,0.061482128,0.06828303,-0.02934852,0.0054935915,0.033193804,0.04570429,0.13098054,-0.05565275,-0.07529851,-0.04880573,0.042794243,0.048699286,0.1178145,0.015385895
-1.0049408E-10,-0.07146385,0.114707865,-2.0503974E-10,-0.104599915,1.4472578E-9,-9.616579E-9,5.995746E-8,2.4558338E-8,-2.1783713E-8,-0.04853426,4.4543402E-8,-0.08006341,-4.88502E-8,-1.2478178E-7,7.4476083E-9,4.6744912E-8,-5.744653E-9,4.6327738E-8,-9.947498E-7,0.028209385,5.9329412E-8,-0.07142161,-9.616841E-8,-0.068109185,-4.103824E-7,6.199148E-8,0.03216805,0.02945098,-8.5054125E-10,1.3787829E-7,-4.8378666E-7,0.029844724,0.031621825,-2.6864669E-8,-3.2349467E-7,-8.215741E-7,0.014498618,-0.019802222,7.3274936E-7,0.026018078,-3.8774635E-7,5.660279E-6
0.07146385,-1.01146494E-10,2.0499356E-10,0.114707865,-2.4436641E-8,-0.13184273,0.013013871,-0.07390246,0.074438155,-0.028076552,4.1135362E-8,-0.1074207,4.4214413E-8,-0.10227753,-0.09485003,-0.02305995,-0.0036233412,0.098921806,0.037332363,-0.047084503,-1.5495222E-6,0.072961114,-2.35293E-8,0.09367805,5.0740033E-7,-0.07239616,-0.053825185,-6.6195E-8,1.773085E-7,0.08033284,0.1365816,-0.017540492,-1.1358245E-6,1.6364065E-7,0.06940067,0.1542603,-0.08019604,-2.450766E-6,7.831483E-7,0.08340503,-2.2626875E-6,0.11457725,0.019057274
-0.027591951,-0.07125793,0.114707865,-2.0748867E-10,-0.0795027,-0.008935203,-0.050368182,-0.009292301,0.06540149,-0.08475578,-0.047474824,-0.051559348,-0.077951774,0.08529898,0.0678679,-0.0673732,0.002742336,0.00491999,-0.014832807,0.0071767215,0.0358113,0.06693907,-0.05875606,-0.02080022,-0.06844163,-0.004326659,0.097368985,0.057373736,0.019253155,0.0069481027,0.10404135,0.05576593,0.06460743,0.015199348,0.04134443,0.05698996,0.04793488,-0.11350034,-0.025898024,0.14017555,-0.029659389,0.01332326,-0.1905578
0.07125793,-0.027591951,2.0744262E-10,0.114707865,-9.275343E-4,-0.11069321,-0.0059499056,-0.06372787,0.10820329,-0.060527623,-0.028034298,-0.14564951,0.016896201,-0.08635345,-0.09256722,-0.01599571,-0.033420406,0.10866732,0.0013502524,-0.060945902,-7.617671E-4,0.059966415,0.0020695045,0.119407035,-0.06084468,-0.075047895,-0.15132628,-0.020805266,0.0418158,0.061482355,0.06828303,-0.029348232,-0.005495441,-0.033192717,0.045704167,0.1309787,-0.05565925,0.07529603,0.048806414,0.042791277,-0.04870077,0.117814384,0.015390322
-9.866149E-11,-0.07890096,0.114707865,-2.2637783E-10,-0.09907216,2.4691959E-8,-3.5526164E-9,-7.921244E-9,2.9643685E-9,4.751545E-8,-0.0552842,-4.0193562E-8,-0.079512015,1.2593692E-8,3.0121825E-8,9.49161E-8,-1.3983134E-7,7.2394246E-9,8.7718036E-8,-1.1322386E-6,0.031510424,1.0759359E-7,-0.055250276,9.7870846E-8,-0.093720846,-4.6210766E-7,3.973369E-7,0.033189993,0.028225549,1.9872309E-7,1.9095641E-7,-3.0773217E-7,0.007738591,0.030870937,-6.903175E-8,9.4162196E-8,8.985831E-8,-0.004889662,-0.027922567,1.1343237E-6,0.04016551,-3.0035264E-7,5.2082887E-6
0.07890096,-9.9381794E-11,2.2632687E-10,0.114707865,-2.2008646E-8,-0.11010611,-0.03418216,0.013216479,-0.03204227,-0.0088006575,1.8589496E-8,-0.044169616,1.674833E-9,-0.041423928,-0.03658912,0.041753672,-0.008935061,0.005246933,0.0480849,0.029119276,1.0166453E-6,0.013806203,-8.2874365E-8,-0.0078100343,2.3244002E-8,0.0068177367,0.025095277,-2.0709062E-7,1.6063706E-7,0.021365516,0.014234891,0.08928339,1.8463295E-6,-2.2032808E-7,0.033957977,0.05611668,-0.02029334,-4.294906E-7,-2.4598084E-8,0.10228704,-2.8851362E-6,0.029922688,0.045904208
-9.0132596E-11,2.1987132E-4,0.114707865,6.308415E-13,-0.17673318,4.1828475E-8,9.896485E-9,5.6847025E-9,-1.1501247E-8,5.250832E-8,-5.983154E-4,-1.3334156E-7,0.012110987,4.4668407E-9,5.945888E-8,-2.9448339E-8,3.662137E-8,5.409607E-8,-1.5765586E-8,7.2510556E-7,-0.01736512,-2.4061594E-8,-0.057277307,-1.9169873E-7,0.23020135,1.5695953E-6,-3.9228016E-7,0.042682283,-0.08789067,-7.470707E-9,6.2289234E-7,-2.0183436E-6,0.10949472,0.016866092,-1.0854462E-8,-1.0331318E-6,-4.078866E-6,0.109452285,0.07469203,-2.268223E-6,-0.07756259,5.715244E-7,2.6590794E-6
-2.1987132E-4,-9.01306E-11,-6.306993E-13,0.114707865,-1.3672457E-8,-0.2090197,0.17260185,-0.08061764,-0.07881221,0.18682793,-2.0042552E-7,0.113354005,6.744963E-8,1.0215148E-4,0.19323136,-0.11099513,0.0016169571,0.14517626,-0.10683986,-0.018823523,-6.9747193E-7,0.05721811,1.9701E-7,-0.04852164,-1.1119828E-6,0.2528553,0.12793362,-9.59273E-8,6.755185E-8,0.22092724,-0.0028775816,-0.042709075,-1.2204629E-6,8.148324E-7,-0.010419949,-0.30383062,-0.11907466,-9.726046E-6,5.9192837E-7,-0.10812558,5.459712E-6,0.24385251,0.18678902
-0.08458196,0.0745519,0.114707865,2.045815E-10,0.0041674254,-0.008456314,-0.09367257,-0.057342913,-0.041417647,0.054860096,0.023726122,-0.0622377,0.07599041,-0.08190349,0.10507111,0.07160113,0.10067499,-0.0017710733,-0.030451264,0.023972215,0.11946575,0.035456944,0.07584606,0.054673117,0.0035860697,-0.031843007,0.0012278092,-0.014249163,0.02925077,-0.043032855,-0.051154405,-0.005985085,-0.042352416,-0.011622366,0.033639606,0.028256025,-0.00405306,-0.013963388,0.020661548,-0.046981134,0.018709177,-0.06393313,-0.046852965
-0.0745519,-0.08458196,-2.0453333E-10,0.114707865,0.008423737,0.08393367,0.028434534,0.088104784,0.03582959,0.041570954,-0.07920144,-0.058896244,0.110813044,-0.051584695,2.697477E-4,-0.039711148,0.07541728,0.0123966895,0.071779065,0.0022220444,-0.055890642,-0.0013258439,0.011799111,-0.0314144,0.011624866,0.052315064,0.06899097,0.006408168,0.031740747,-0.008512734,-0.08911941,-0.035276737,-0.018161176,0.004526615,-0.04548006,0.06675736,-0.04891616,-0.025582943,0.027422266,-0.002693682,-0.028931769,0.06765497,0.050911654
-0.05825226,0.07431668,0.114707865,2.0680732E-10,-0.005068793,-0.010661172,-0.069035195,-0.048704933,-0.031033853,0.05050336,0.022477202,-0.041580908,0.07915398,-0.038983487,0.09698058,0.053169187,0.062682025,-0.08362497,-0.007527844,-0.0635457,0.11758911,0.03876312,0.07816042,0.048208535,8.2859385E-4,-0.0037680762,-0.07929954,-0.006449218,0.027589211,0.020723645,0.089622736,0.04286984,-0.024863338,-0.016802084,-0.026470855,-0.063420996,-0.016616186,0.011558342,0.008023698,0.058200546,0.016489783,0.018173942,0.037817713
-0.07431668,-0.05825226,-2.0675932E-10,0.114707865,0.004435158,0.06877087,0.041451562,0.08657089,0.030341513,0.057343654,-0.05819759,-0.059009723,0.08834202,-0.035014726,0.0077468334,-0.04704581,0.06327206,0.012534755,0.06374101,0.017840093,-0.035306193,0.0047771074,0.017895501,0.022547668,0.005498805,0.023122054,0.040763024,-0.011856804,0.02487866,-0.020730408,-0.051013876,0.022263896,-0.009979317,-0.0144867,-0.033114217,0.06570313,0.054942258,-0.020581985,0.021227848,-0.050302442,-0.037158642,0.030613353,0.001632212
-0.05817197,0.062966496,0.114707865,1.7425092E-10,-0.0031699399,-0.0071951128,-0.07046628,-0.04898163,-0.028764632,0.04441925,0.01487205,-0.03747562,0.07746933,-0.037792653,0.09763692,0.054278582,0.07493574,-0.08455651,0.0046244897,-0.06383963,0.1110215,0.042919952,0.07496002,0.028878782,-0.010210329,0.010827642,-0.075086914,0.0125524895,0.034004074,0.02367768,0.07920025,0.013433584,-0.026428567,0.025465336,-0.032654878,-0.06667895,-0.04277699,0.014683351,-0.0034317502,0.06782763,0.013657363,0.045849647,0.06771574
-0.062966496,-0.05817197,-1.7421024E-10,0.114707865,0.0013166561,0.06934193,0.041251883,0.08937904,0.057040818,0.052387588,-0.06010215,-0.046898123,0.08628262,0.01714597,-0.0038281926,-0.040163185,0.0033922137,-0.02698852,0.05603032,-0.03046888,-0.0292806,-0.016787985,0.024563164,0.040194787,-0.0020024108,0.013713617,-0.07690748,-0.0025120482,0.009398197,0.034652237,0.08597014,0.071282454,0.0059437524,-0.01676961,-0.036570426,-0.041882094,0.12734374,-0.010459494,0.024837881,-0.056898355,-0.03347164,-0.0634434,-0.04463964
-0.084501274,0.06320215,0.114707865,1.7202638E-10,0.0060611465,-0.0049954113,-0.09510566,-0.057624243,-0.039136115,0.04879478,0.016134767,-0.058131658,0.074300036,-0.08067733,0.10577224,0.072737664,0.112928875,-0.002628848,-0.018302128,0.023759168,0.11278112,0.039559245,0.07269923,0.03539783,-0.007449502,-0.017281743,0.005489002,0.0048028757,0.03576282,-0.040017013,-0.06164132,-0.035301704,-0.04393684,0.03066422,0.027364345,0.024834873,-0.030094255,-0.010606266,0.009191914,-0.03738232,0.015941566,-0.03625279,-0.01697633
-0.06320215,-0.084501274,-1.7198554E-10,0.114707865,0.0053040446,0.08450463,0.02823144,0.09092656,0.06250018,0.036643207,-0.08117955,-0.04681745,0.10882624,5.8657065E-4,-0.0112833865,-0.03280983,0.015521039,-0.027034499,0.06413351,-0.046073686,-0.049856283,-0.022911549,0.01838566,-0.013670495,0.0040931213,0.04290825,-0.048788168,0.015748423,0.016127018,0.04685859,0.04787652,0.013773416,-0.0021865875,0.0022136297,-0.048968863,-0.040796008,0.023509104,-0.015456141,0.0310484,-0.009320478,-0.025115516,-0.02629399,0.0047669685
0.08458196,0.0745519,0.114707865,2.2321804E-10,0.004167425,0.008456317,0.09367261,0.05734295,0.041417714,-0.054860048,0.023726258,0.06223778,0.075990416,0.08190337,-0.10507106,-0.07160117,-0.10067503,0.0017711329,0.030451046,-0.023979846,0.11946428,-0.035457022,0.075846285,-0.05467261,0.0035858531,0.031843085,-0.001227754,-0.014249058,0.02925095,0.043032594,0.051153943,0.005986609,-0.042352684,-0.011622355,-0.033639554,-0.028255977,0.0040543377,-0.013964024,0.020661943,0.046982147,0.018706733,0.06393277,0.046848353
-0.0745519,0.08458196,-2.2316989E-10,0.114707865,-0.008423715,0.083933614,0.028434524,0.08810459,0.035829667,0.041571002,0.07920144,-0.058896177,-0.11081283,-0.051584627,2.696345E-4,-0.039711107,0.07541744,0.0123965535,0.07177882,0.0022182784,0.055890776,-0.0013258782,-0.011798957,-0.03141446,-0.011625523,0.052314825,0.06899113,-0.0064085964,-0.031740587,-0.008512583,-0.089119196,-0.035277463,0.018160604,-0.0045262114,-0.045479685,0.06675691,-0.04891912,0.02558009,-0.027421536,-0.0026917632,0.028932367,0.06765511,0.05091142
0.05825226,0.07431668,0.114707865,2.1964246E-10,-0.005068789,0.010661177,0.06903514,0.048704915,0.031033834,-0.050503347,0.02247729,0.041580956,0.079153836,0.038983226,-0.09698062,-0.053169176,-0.062681995,0.08362496,0.0075275167,0.063537985,0.117593296,-0.038763314,0.078160346,-0.048208296,8.285917E-4,0.0037678108,0.079299666,-0.00644947,0.02758915,-0.020723589,-0.08962314,-0.042868655,-0.024864187,-0.01680164,0.026470726,0.063420676,0.016615117,0.011561309,0.008023937,-0.0581996,0.016493315,-0.018174011,-0.037818026
-0.07431668,0.05825226,-2.1959444E-10,0.114707865,-0.004435138,0.06877089,0.041451573,0.08657095,0.03034158,0.057343718,0.058197748,-0.05900982,-0.08834194,-0.03501467,0.0077467286,-0.047045816,0.0632723,0.01253471,0.06374092,0.017837696,0.035307374,0.0047772047,-0.017895525,0.022547824,-0.005499233,0.023122268,0.040762816,0.011856626,-0.024878414,-0.02073048,-0.05101395,0.02226405,0.009980742,0.014486096,-0.033114113,0.06570298,0.05494026,0.02058848,-0.021228073,-0.050300427,0.03716228,0.030613706,0.001631654
0.05817197,0.062966496,0.114707865,1.8706835E-10,-0.0031699354,0.0071951174,0.07046638,0.04898165,0.028764654,-0.044419266,0.014872131,0.037475705,0.07746918,0.037792604,-0.09763704,-0.054278538,-0.07493568,0.08455663,-0.004624943,0.06383246,0.11102578,-0.042920183,0.07495978,-0.028878437,-0.01021019,-0.01082802,0.075087205,0.012552232,0.034003988,-0.02367768,-0.079200566,-0.013432213,-0.026428381,0.025465496,0.03265474,0.06667875,0.042775624,0.014688895,-0.0034318552,-0.06782667,0.013661389,-0.045849834,-0.06771528
-0.062966496,0.05817197,-1.8702767E-10,0.114707865,-0.0013166384,0.06934196,0.041251853,0.089378975,0.05704082,0.052387685,0.06010213,-0.04689806,-0.08628259,0.017146124,-0.003828231,-0.04016318,0.0033922624,-0.02698852,0.05603021,-0.030470729,0.029278718,-0.0167881,-0.02456312,0.04019506,0.0020020448,0.013714169,-0.076907456,0.002512061,-0.009398135,0.034652263,0.08597035,0.07128241,-0.0059421915,0.01676866,-0.036570426,-0.041881967,0.12734307,0.010470151,-0.024839325,-0.056896612,0.03347578,-0.063442945,-0.044639826
0.084501274,0.06320215,0.114707865,1.9064514E-10,0.0060611553,0.0049954043,0.095105655,0.05762423,0.039136093,-0.04879478,0.016134795,0.05813174,0.07430011,0.08067712,-0.10577217,-0.07273759,-0.11292889,0.0026288016,0.018301941,-0.023766408,0.11277988,-0.039559294,0.07269923,-0.03539745,-0.007449507,0.01728162,-0.00548888,0.0048030075,0.035762627,0.040016934,0.06164094,0.03530345,-0.043936204,0.03066378,-0.027364396,-0.02483477,0.030095134,-0.010604284,0.009191724,0.03738301,0.015939502,0.03625252,0.016972732
-0.06320215,0.084501274,-1.906043E-10,0.114707865,-0.005304045,0.0845047,0.028231408,0.09092658,0.06250016,0.03664323,0.0811796,-0.046817526,-0.10882631,5.8664585E-4,-0.011283397,-0.032809712,0.0155210765,-0.027034499,0.06413354,-0.04607695,0.04985352,-0.022911636,-0.018385137,-0.013670402,-0.004093866,0.042908367,-0.048787966,-0.015748342,-0.016126946,0.046859086,0.047876853,0.013772912,0.0021861673,-0.0022142902,-0.048968535,-0.040796388,0.023506667,0.015456955,-0.031048808,-0.009319175,0.02511624,-0.026293332,0.0047672153
